# Delta chi2_r = chi2(OU_r) - chi2(LCDM), pp, theta1_Delta0.10, sigma_X=2.506316e-02, H0 re-solved for theta_*; NaN = failure (see fallos_theta1_Delta0.10.json)
-2.580233641093698793e-02
-7.266082119022776453e-02
2.494315986401396401e-02
-1.016737679198875810e-02
-4.162236640824978906e-02
-1.134729499741027325e-03
3.965854305648974787e-02
1.190072987878032507e-02
-2.589939662908768980e-02
1.637676131582566086e-02
-7.699316910949072224e-02
9.840273683701994401e-03
5.370398400348364021e-04
8.014018214165474774e-03
-9.418892762562691701e-03
4.459001225569636517e-02
2.908710056885688289e-02
-4.798664843562150395e-02
-2.852332999052897833e-02
-8.628585192539084403e-02
1.530802754009741307e-03
-1.448429830638531257e-02
-1.668607297894730834e-02
-2.519918513565322371e-02
1.656168099438737329e-02
2.225711224839166391e-02
-1.388198900348669440e-02
-4.952525122336126628e-03
6.586995557338326535e-03
-2.475743258256102308e-02
-1.382799919152155610e-02
8.954841963035420349e-03
2.319022018697580734e-02
-9.855189519662133080e-03
-1.075954783554067262e-02
-4.909397776991397677e-03
-8.790176386881398685e-03
2.951753964103076555e-03
2.829375726924432399e-02
-4.294297484235620743e-02
1.920415064748226541e-02
-5.256426906281497224e-02
3.881135377624644889e-02
2.615666317250564532e-02
1.825295177413899239e-02
-3.195440897486534482e-02
3.876181209643192460e-02
4.131134639386147001e-02
-5.037574183876358802e-02
-6.488599374987380486e-02
-1.635848491331870491e-02
-2.391553908406329754e-02
2.605543339797655733e-02
-4.074641798139211346e-03
-1.553894462524851861e-04
-1.485418497485646583e-02
2.449334049014595394e-03
1.258198557052736533e-02
-5.899447733154339346e-02
9.960881972920887506e-03
-1.923521501923453059e-02
-9.775732181646290542e-03
-2.646607368970421703e-02
-5.064103195067914953e-02
5.842412306122923837e-05
-4.223574389803275153e-02
-2.665932155257877412e-02
5.028320202139902051e-02
-6.601172803204491402e-03
-3.066988918389412788e-03
2.897418955549113662e-02
-1.009683173287001523e-02
1.041541229138154279e-02
2.462733119793192316e-02
5.061540651783680289e-02
-2.087020296479913384e-02
-9.865970085675357382e-03
-3.112356610156830072e-02
3.568937911504832527e-02
-3.912051925881243619e-02
2.053641724578803007e-02
-4.544246381417949010e-02
9.677173082547341210e-04
-2.237113066378526582e-03
-2.123723526947429718e-02
-1.912693635300755091e-02
3.246472678412359869e-02
-4.069756548474856572e-03
3.351326728548364997e-02
-4.878656982594797853e-02
-4.413819550315167817e-04
-4.041185527405488642e-02
4.377778842774660006e-02
-5.412777561175197150e-02
-1.965829890385428769e-02
-9.337130132072601896e-03
2.744012236887805045e-02
3.446879772888777893e-02
-5.126960837321092868e-02
2.438997282905042141e-02
-2.447986287634940084e-02
-1.713678658164674573e-02
-1.427978046092626130e-02
-4.302309088542344284e-03
1.138885359290497945e-02
-7.307602088630282822e-02
5.961000014895745380e-03
1.254550902435802584e-02
5.288701739487677855e-02
1.744249286587340464e-02
4.347718418477342084e-02
-2.277759369301968206e-02
-5.504680789343829872e-02
-4.158614709255026298e-02
-2.561587808482457262e-02
-3.542186638319577696e-02
-7.075978181442010850e-03
4.779457646994522690e-02
6.617997364945260586e-02
-7.846524575189306461e-03
-4.211168029696565895e-03
1.489710302213076432e-02
2.051837343082318910e-02
9.013151984838430053e-03
3.038451972537536960e-02
1.614499054897144958e-02
-1.679136241676459917e-02
-8.540105085323546064e-03
-3.486365497012755554e-03
-2.940361542471769951e-02
-6.715142669652962581e-02
-5.587863357650135754e-02
-6.135747168976024568e-02
-3.110215249243708513e-03
3.375843056818794707e-02
-8.925902701890464641e-02
4.408701028934203237e-02
2.227587737794323175e-02
5.307471982894540474e-02
3.963606682196996189e-02
4.287067113960141285e-02
2.973124480897482158e-03
3.171249535744635750e-02
7.089379953518104571e-03
3.445594449692634953e-02
-2.461011192012918514e-02
-2.891113052848304221e-02
4.915334363174395094e-02
-7.574834811434172366e-03
3.482137349834424356e-02
-3.112256357546527852e-03
-1.884391583759281730e-02
-2.214715498133301708e-02
2.833008564632955029e-02
2.026076505181784171e-02
-2.490352014984686946e-02
5.890445513358777418e-02
-2.753138841384838997e-02
3.902752674634690777e-02
-2.838650492641825451e-02
-7.957386032986235591e-03
3.317433462061636362e-02
1.557584475819595582e-02
1.053698723804430415e-02
-3.948290835374734797e-03
-3.889554577930987023e-02
-3.979168811094524472e-02
6.005863297421143443e-02
3.637198941529540264e-02
3.626633833053460876e-02
5.528889699044903239e-02
5.365717146456816522e-02
-1.983914615592397013e-02
2.866044742143358803e-02
-7.877310252878189090e-03
-2.502431003057026260e-02
4.789278697487020509e-03
-6.110302794714961294e-02
2.765928781241022705e-02
1.871972004791722100e-02
-1.012509988443355269e-02
-7.599394084438770847e-03
-4.800296706601869801e-04
2.291424763700611322e-02
1.550602304706849566e-02
5.576247044510118656e-02
6.326390104876189469e-02
-2.424859346094443424e-02
-1.626675440997438216e-02
-8.549718159926911198e-02
-2.817957605297216617e-02
-2.529478058134237983e-02
1.182978924996191950e-03
2.138364076681220638e-02
-1.402124339660915098e-03
-3.584989445106856465e-02
1.803687529052311334e-02
-4.641722787229340952e-02
-1.113110650362258980e-02
1.705362036888757871e-03
