# Delta chi2_r = chi2(OU_r) - chi2(LCDM), TT, theta0.001_Delta0.05, sigma_X=2.506316e-02, H0 re-solved for theta_*; NaN = failure (see fallos_theta0.001_Delta0.05.json)
-1.327645045279268743e-03
-3.749235541970818986e-03
1.635157803054454462e-03
-7.662070949514543372e-04
-1.392088496782406537e-03
-1.044513912656697130e-03
2.780275554847833064e-04
-6.583345818178543141e-04
-1.108783080958630762e-03
1.061098101121871196e-03
-2.955993699824688292e-03
-8.607757534520033005e-04
1.448849417638342629e-03
4.966394947416574723e-04
-9.999954596935367590e-04
2.858288996200997190e-03
1.254975391230317427e-03
-1.653364218544339792e-03
-5.059598253005503921e-04
-4.029324602981887438e-03
-1.078707213491014727e-03
-1.239529973219077874e-03
-1.045386552533500435e-03
-9.508126123591864598e-05
-6.453857730335244014e-04
1.057914268280057968e-03
-1.024219112260027487e-04
5.908527174902644674e-04
1.431217722782207602e-03
-1.283344520317086790e-03
1.998585127900298630e-04
2.774032374475154938e-05
6.023363515801349877e-04
1.202530989345973467e-04
-1.530173637007692378e-04
4.537088910652187224e-04
-1.254784889432869477e-04
-1.400097785975162878e-05
9.771811311019007462e-04
-2.385687448882123363e-03
5.120272982637175119e-04
-2.727452824547782484e-03
2.578388102399742365e-03
1.717173773471358800e-03
1.363997376625292191e-03
-8.344612691111308322e-04
1.521188743879520189e-03
2.231727331164279349e-03
-2.879595686692937306e-03
-2.437679322131458548e-03
-5.774408065448710659e-04
-1.862947055823127585e-03
1.050914978801387178e-03
-1.229044801871026493e-03
3.411791897320881617e-04
-1.720457146468845622e-03
4.049855371768273926e-04
9.050960924845696809e-04
-2.275974408519232384e-03
8.818394145109209603e-04
-2.240795451960764240e-03
1.849459214753323977e-04
3.351246366918303465e-04
-1.425177909112562702e-03
5.219091020904897960e-04
-3.312760434155848088e-03
-1.096478342574869203e-03
2.748162775905171884e-03
-4.080487322219994439e-04
3.106940645096756271e-04
-6.911795680828447530e-04
-1.101404930174965102e-04
-3.498033750304330169e-05
1.570624131378650645e-03
1.851406812157563309e-03
-1.372767155256582328e-03
-3.952678852385815844e-04
-1.889469050151859619e-03
1.476164227014464814e-03
-1.886396047087401939e-03
1.286125009087868420e-03
-1.808485121063796441e-03
-1.239528335222672695e-03
-8.629206448205195557e-04
-6.883337672469735935e-04
-1.575051149494299807e-03
-2.261195639157165260e-04
-1.392213241931727907e-03
1.146378362392397321e-03
-1.499307382335501870e-03
-9.461713823206707730e-04
-2.486654267745080915e-03
-4.226091142491839037e-04
-2.322736560433469322e-03
-6.144361878916981823e-04
5.317143587539874261e-04
-4.202374422028753997e-04
2.836877283318273157e-03
-1.236307409897108300e-03
-5.567689576935208606e-05
-4.841293467130469708e-04
-3.017386004842137481e-04
-1.917093985600359929e-03
-4.920761968882914061e-04
-5.101099326658697919e-04
-3.188163295853030377e-03
5.158041324015982809e-04
1.166476480044309483e-03
2.196349037554057304e-03
1.549340316820746466e-03
2.339757410588561015e-03
-1.391750337077723998e-03
-1.477765763063132454e-03
-1.974712351294982682e-03
-1.663608760836154943e-03
-1.340879291138463714e-03
3.380546687736796230e-04
2.506064075749492304e-03
1.878788997732527832e-03
-1.030966006723588180e-03
2.436090937152357583e-04
1.390679593210819576e-03
2.128360059902689727e-03
1.339020781919941783e-03
1.445619064114112007e-03
6.471656040680784372e-04
3.740404264718222294e-05
-1.521943433896666420e-03
-9.110388694004711851e-04
-3.242394895181632819e-03
-4.029420987510690111e-03
-1.827106303306180735e-03
-2.300437083999185006e-03
7.115935750334756449e-05
4.831068357979972916e-04
-5.054257453274146883e-03
9.291981643677615921e-04
1.694025334824544871e-03
1.689823828712633258e-03
1.210327162937119283e-03
1.922268437365204363e-03
-5.489543218217818321e-04
2.248071123595707377e-03
-5.702780612466540333e-04
1.962232410662068105e-03
-7.864039762317531768e-04
-7.862283575583717266e-04
1.886065617682675111e-03
-1.386618742031942020e-04
4.161553732160427899e-04
1.515088319635538028e-03
-1.446843706105482852e-04
2.709650883403469379e-04
2.210121344496940310e-04
2.496537459641956502e-04
-1.373298022201652202e-03
2.896289500448290255e-03
-5.773075787622872213e-04
2.074349228351479724e-03
-1.839692592255914860e-04
-2.353072461822591777e-04
2.015468986986235223e-03
2.514353960862081294e-03
-4.160263728394397731e-04
-7.905137793073890862e-04
-1.190511720896125780e-03
-1.736890539721258619e-03
2.894600332243868479e-03
1.216482980701982797e-03
9.897506604410466480e-04
2.654732175333407440e-03
3.263070660551647961e-03
-1.170049640268899793e-03
2.266360612075857262e-03
-4.504306615871200847e-05
-8.263175300839975534e-04
1.297738556182537195e-03
-2.768429137919525829e-03
3.319732622060200811e-04
1.465661667136686219e-03
-8.208212514091428602e-04
-1.459431020485624231e-03
7.261793276427397359e-04
1.650833396574569178e-03
-6.442018535324223194e-05
3.356218598927540597e-03
3.947023297303786649e-03
-1.274730209605223763e-03
1.429144707998375452e-03
-2.998001670594163670e-03
-3.926578159614280139e-04
-4.433964499099829482e-04
1.931853752878964769e-05
5.769433022955183787e-04
-1.422019825032094786e-03
-1.796469244421672329e-03
1.593032411463468634e-03
-1.411135471069968617e-03
-1.074946553828226570e-03
-1.346522200257993518e-03
