# Delta chi2_r = chi2(OU_r) - chi2(LCDM), pp, theta20_Delta0.05, sigma_X=2.506316e-02, H0 re-solved for theta_*; NaN = failure (see fallos_theta20_Delta0.05.json)
-1.902317174455525617e-02
-4.680824571357433683e-03
-4.860936593773068637e-02
2.489586370460550313e-02
-3.906966163454583807e-02
-1.378981337177620503e-03
-1.092902712779064700e-02
2.587427586245514277e-01
3.795813452049046077e-02
5.531629756234224260e-03
-6.337186158130414526e-02
-1.828308169239889480e-02
-2.111206985157387805e-02
5.957127651995541839e-02
2.695071183726227559e-02
2.946018163679298141e-02
-1.616656240476821438e-02
-1.930542106973121008e-02
1.631714243590209890e-03
-7.297874094749801088e-02
8.082948948501922359e-03
2.242917064214466905e-02
1.986212857261193676e-04
-3.339277850795241420e-03
-1.104522890866910245e-02
4.293182578429366458e-02
1.319636271725599386e-03
1.358100452566901595e-02
-1.159147413279448813e-02
-4.604106275484909361e-02
9.577763873766009795e-02
8.946410495135381780e-02
-8.378654979521726887e-03
4.518914560740938668e-03
4.453753624681766610e-02
-3.560029150197507875e-02
-3.400486511168310244e-02
-1.350699629167806393e-02
1.600705225777225849e-01
-3.434210888210209589e-02
-3.030189379638059677e-03
1.111203343969080493e-03
2.357393374817995380e-02
1.983090949196153474e-02
1.630717893887503323e-01
-4.777812337330544779e-02
1.618184927482424484e-02
2.786835716703350840e-02
2.088582863579802051e-02
-1.225255928473423239e-02
5.242838774806912738e-03
8.553538243187830403e-03
-9.166208666696817886e-03
6.622083070006112848e-03
7.168968075819392993e-02
7.950149818491070164e-03
7.764473990051001806e-02
-1.399544655368423207e-02
-5.153063916854705440e-02
-7.058607663335436655e-03
5.381380987377148983e-02
2.297645467962183830e-03
-2.023995680521295526e-02
1.852141330201764191e-01
-1.898561693272782236e-02
-2.745570513765294152e-02
-2.430084115236041953e-02
2.249887124759020196e-02
7.004507779429935965e-02
-2.415965285550747410e-02
3.164243607698402627e-02
1.070948890576293167e-01
-7.506228009743765028e-03
7.722507824180624425e-02
2.448528076274314458e-02
6.211755268128449359e-02
-2.360086498498858987e-02
-3.568776815675889225e-02
3.436214052042352307e-02
-2.854444302168523961e-02
-2.220084035305092129e-02
1.289144120346819022e-02
1.025268184768890478e-04
-7.937441483013785160e-03
5.763883029946903491e-02
3.988895238953560352e-02
2.627257700543950136e-02
1.190114810582301175e-01
-2.327304218498582600e-03
3.913141135948805527e-02
-1.810155205728136707e-03
9.401786622133201377e-02
5.178758327597776656e-02
-3.006807142685907763e-02
-2.040506239751316286e-02
3.823794926584156428e-02
1.153664486317733662e-01
-4.003802762069774701e-02
-2.708015828727816654e-02
1.458108276351310906e-02
-5.945654955192836155e-03
-4.130743413989890200e-03
7.265409176486770093e-04
3.066767040103002273e-03
-1.713059405079597752e-02
-6.060059191289823843e-02
5.681783125920247812e-02
-1.102063283642706892e-03
2.971259382809066096e-03
6.650243116190779347e-02
9.852353223464049847e-02
-8.581381322098735609e-03
-4.265340152207919289e-02
-3.419112106468880086e-02
-4.338578459259245790e-02
3.799105332438657001e-03
-2.296057361371772743e-02
1.152562925764932800e-01
3.749608368153900528e-02
2.923436804643131381e-03
3.389909537920665628e-02
-3.681095494718178429e-03
1.460277519787744893e-02
4.373849667780227435e-02
5.732515868250587232e-02
4.068069408647190244e-02
-5.203899528517830220e-02
2.122822217195974304e-02
6.433105251643311817e-03
-3.939500069357926293e-02
-4.501770131800242325e-02
7.439964078805338943e-02
9.525494496961250945e-02
9.136997369802024593e-02
1.779615629780373354e-02
7.757057280189272319e-02
-2.487754519198759340e-02
-3.486564025518390508e-03
3.947959923664257076e-02
4.870587606534293457e-02
5.953398926289388271e-02
-2.140938032331618501e-03
-1.930631031310525714e-03
2.294338691821806719e-02
-1.926025169967715556e-02
2.620202348472489007e-03
3.706071506718089381e-02
1.958198489610651905e-02
3.842830803493946235e-02
1.198612901908369111e-02
-1.063517363236243796e-02
1.255652050223510230e-02
7.352812046402590340e-02
-7.839456660704513524e-03
-2.044441154160558938e-02
1.268751575269000398e-02
1.233843923096245021e-01
1.059133979083348720e-02
4.156389546694505555e-02
-9.877160849786292829e-03
3.307388921967913120e-03
6.819229704676743609e-03
-7.097873255188957842e-03
-3.835738928103360479e-02
5.422334921510518768e-02
-1.793099975366096999e-02
2.117457581404025291e-03
2.420399418841867600e-03
8.450237773010726983e-02
-3.035234850039003618e-02
2.507924739228073463e-02
1.371133926632062128e-02
3.586033068667937584e-02
4.988790191970160492e-02
-2.120739099589208365e-02
3.848686001742862572e-02
4.490824146825644902e-02
-2.019610439935348722e-02
9.970536231746329747e-02
4.175735934379254388e-02
-2.514871206151880756e-02
-2.994387843320289733e-02
-1.476899200001824397e-03
4.221082046462498738e-02
-3.234736840021312787e-02
5.487600956779559169e-02
2.473162956581198557e-02
4.331948157688358947e-02
-7.781206056929335091e-03
-6.794833653465914836e-02
1.815426924720142665e-03
2.765175581482459677e-02
-2.167790037770345180e-02
4.034750964212818758e-02
-3.325810173103960210e-03
-3.020833757729235458e-02
6.961892572075178975e-02
-5.056304580864257048e-02
-3.902700600484010351e-02
-1.280256058086237658e-02
