# Delta chi2_r = chi2(OU_r) - chi2(LCDM), TT, theta20_Delta0.05, sigma_X=2.506316e-02, H0 re-solved for theta_*; NaN = failure (see fallos_theta20_Delta0.05.json)
-3.766422755055742755e-02
-4.469585945997778254e-03
-4.372003716837369325e-02
8.285612096077699107e-03
-2.238696538035966910e-02
-1.091932647007354262e-03
-2.717510451670079874e-02
-2.969121757538317752e-02
-6.602877786086480683e-03
-6.684618479901871524e-04
-6.792435771991023330e-02
-1.089894061744800524e-02
-8.085331316866728457e-03
4.744326457541347963e-02
-4.676854265156293877e-03
2.783746033185252600e-02
3.918746380389137585e-03
1.982843403920497849e-02
3.624976712674765622e-02
-8.812765526114674230e-02
-4.243049952468425090e-02
6.661034122453557416e-02
1.224601012868475891e-02
2.659409953207969579e-02
-1.419194576244819928e-02
-5.508038022234984510e-03
-7.469169127528374474e-03
2.234171864125400475e-02
-6.927178065863870415e-02
-2.193436368119705548e-02
-4.448107813583490611e-02
8.272777058889602131e-02
-9.524823063635778908e-04
4.588666617182468599e-02
3.725159734446847892e-02
-4.121818676461330710e-02
-9.565507881369228471e-03
-8.233336817546899056e-04
1.436057052704953207e-02
2.026465960923928833e-03
3.009855673560224432e-02
2.403050753296298581e-02
6.058314869667924540e-02
1.797470312316562513e-02
2.222866854438265705e-02
-3.408188197703054811e-02
-3.027649198493520544e-03
2.648452099267828430e-02
2.036915692433893810e-02
-9.041520727990359774e-04
2.655486842510867973e-02
3.200483989374092175e-02
-2.916140252732901672e-02
-2.680623244555135898e-02
5.789173932710411918e-02
5.322749649180025244e-02
3.915030823140597249e-03
-2.575425251412255534e-02
-1.981460606068452535e-02
4.903193543441375368e-03
4.016195428430435754e-02
5.203961372842513811e-03
1.362534517271285495e-02
-1.280585022472990886e-02
-6.791536789449992284e-03
-1.499439110703804090e-02
-4.323700430422050545e-02
4.123269730566292424e-02
2.636723976076638110e-02
-2.623343993101912019e-02
-3.409294858170852649e-02
2.649982733255029643e-02
7.012028080261245577e-03
3.979508281879162723e-02
-2.582323675875741742e-02
-1.712098528090066907e-02
-2.065584889189153728e-02
-1.516438534538977478e-02
4.831539394796635634e-03
-2.287876473628003282e-02
-1.289365942098896767e-02
-2.401490888104973465e-02
-1.113746559482464704e-02
-3.807503485510110863e-02
-3.701289472445878914e-02
3.031832297216396910e-02
2.862215520938704572e-02
1.732101466650348698e-02
-9.586231566089509215e-03
3.509618909768619233e-02
-5.014804349272594663e-03
5.162083798845884530e-02
4.897772197502092695e-03
2.006274479619918338e-02
-2.397645688763105909e-02
-8.988707840597243148e-03
-2.636124255839078501e-02
-3.164601968870428550e-02
1.127191898660484526e-02
9.557209014403156289e-03
-3.446140654923723901e-02
-1.360397741547458850e-02
1.978121554537182192e-02
-1.338718611698652694e-04
-9.583405333245309521e-03
-2.066786842489065634e-02
3.661570174818606915e-02
8.254777024564674548e-03
2.456467605884427030e-02
-6.105618250050071083e-03
6.810952192585162379e-02
4.083454741945047317e-03
1.956072837354128069e-02
5.332117430675964442e-03
-4.083722547414581072e-02
6.502861228064205079e-03
2.105563680556699069e-02
3.616796223488449868e-02
2.687097851621089717e-02
3.067766950264427805e-02
3.456533095626213026e-03
-5.174938602376499830e-03
-1.207475411617764394e-02
-4.271538393378904175e-03
-8.284453011267345346e-03
2.870584297540901275e-02
-5.622840528382866410e-02
1.350104684286890233e-02
2.888020079890907255e-02
-4.329489486663007369e-02
-2.059305882322703951e-02
6.864161340537577871e-03
-3.427531192456356735e-02
3.018181043898238158e-02
4.701790082002332838e-03
-4.876092534424003588e-02
-2.845048518308601615e-02
1.105813060624427635e-02
-1.642603667356823394e-02
2.728365612563976583e-02
8.118499727802230836e-02
-7.473729529159811591e-03
1.430467161092607853e-02
3.670594627122980569e-02
-2.152773890330195172e-03
3.486989937542617213e-02
2.068264505860639701e-02
3.021358307430688228e-02
3.367482096167506711e-02
8.350752986018505908e-03
1.948114142163603901e-02
1.139868390857046165e-02
-5.680454359833220224e-03
-4.170011116913485694e-02
-1.616543117730628865e-02
-6.316937956437840285e-03
4.124698738141319154e-02
3.887854457996908764e-02
2.125415099877869807e-02
1.125535654228571047e-03
2.700134490396166598e-02
9.702609568723374878e-03
1.471326984429666140e-02
-4.114781266605405108e-02
7.279464403227109415e-02
1.072888811248873253e-02
-2.975027554968789900e-02
-1.753660221546482489e-02
3.757375303676013800e-02
-3.031631942832291315e-02
1.392184370067894861e-02
-1.963570200065589688e-02
-7.470646335217878686e-03
8.141284194872255853e-02
-1.074143204590072287e-02
8.961786774563051949e-03
-3.198720424997247846e-03
-5.765315738788245881e-03
-1.109383895953186538e-02
7.018844500983334456e-03
-1.689122675348286862e-02
-1.587938373463870789e-02
9.578352613242913094e-03
2.108489633845067601e-02
-5.579844592451266294e-02
3.338411983514788517e-02
1.098241386072018599e-02
-3.291796629049770218e-02
-1.085451777984758337e-02
-4.643602703198013160e-02
-1.823561921020555587e-02
1.270217729378586569e-02
6.809683796589638405e-03
3.451710441481736780e-02
-9.328350660133821748e-04
4.778573800130914151e-03
8.098064697067286488e-02
-3.249041984653544546e-02
-9.519830532408235513e-03
-1.568128183129147146e-02
