# Delta chi2_r = chi2(OU_r) - chi2(LCDM), pp, theta0.001_Delta0.10, sigma_X=2.506316e-02, H0 re-solved for theta_*; NaN = failure (see fallos_theta0.001_Delta0.10.json)
-1.102369831048832793e-03
-2.760588390939844317e-03
2.603247672171349336e-03
-7.272895571244220037e-04
-6.950491633848088213e-04
-1.197485137574005876e-03
-4.242006174433043952e-04
-2.689431950795295734e-04
-6.105701169527577576e-04
1.532285248613263207e-03
-8.629262789252578614e-04
-1.093926182269555625e-03
1.927562852376496494e-03
-3.288776774201807029e-04
-1.186737131192217021e-03
2.000616628308193867e-03
1.124976733889226921e-03
-1.620760824195599525e-03
-8.692632181830362015e-04
-2.372332829501999640e-03
-8.699648421810479704e-04
-2.364390194490084696e-03
-1.121265407897809041e-03
-5.785574472465526696e-04
-4.578615233370442184e-04
8.446468688756425536e-04
4.931099735649979721e-05
7.173077732662846984e-04
2.606748958218219059e-03
-1.060781484451212009e-03
1.036392917303174954e-03
-9.717315091979372710e-04
4.020267908924068934e-04
2.956393522470790458e-04
-1.784493328926828326e-04
1.233476217352702520e-03
1.355555142570352700e-04
5.784033777338493110e-04
1.022699770155455212e-03
-2.067743199496874240e-03
2.632063472560730588e-04
-2.215617612330689212e-03
1.706465839919957261e-03
1.958433479940069333e-03
1.290688261789796343e-03
-2.898106930970811845e-04
1.021528289449236127e-03
1.776842327815941758e-03
-2.855743428650470150e-03
-2.012632066579200796e-03
-7.499921685738542010e-04
-2.195808347201122501e-03
1.340635861126315831e-03
-1.315400034135549845e-03
1.014038580855469718e-04
-2.123223986874478442e-03
1.820413304773893515e-04
6.373413150200235577e-04
-1.694884709772637166e-03
6.297720043892951480e-04
-2.229542943288365109e-03
1.291742825184627463e-04
5.076972146387248586e-04
-2.601192192877022080e-04
3.412564218603364452e-04
-2.856788010035415937e-03
-8.889122835604723605e-04
1.799125849949234635e-03
-2.546264628655592333e-04
5.975975701097979709e-04
-7.282184422852111538e-04
-4.337304115864526466e-06
-2.170375136447688647e-04
1.393126339733541386e-03
2.140030515898061481e-03
-9.783687784921113462e-04
-6.758598612357502589e-04
-1.735436056875983013e-03
6.022981443472019691e-04
-1.189174237266499290e-03
1.323867238145481906e-03
-1.334227370342944141e-03
-1.780110450781080544e-03
-5.060105902590095184e-04
1.829322567115099218e-04
-1.943545941568203261e-03
-1.082393760084343626e-03
-1.552441934212112074e-03
9.735613189008063273e-04
-1.256872478053949749e-03
-1.248303242572745830e-03
-3.065139918524195650e-03
-7.053770529381608867e-04
-1.921611696594993646e-03
-6.811759089728752770e-04
1.016279516804274863e-03
-9.202485537009863492e-04
3.473071824334539315e-03
-1.088357895660863051e-03
-4.384657565381644417e-04
3.794730078787722505e-04
4.513136043478027659e-04
-2.451816562315300985e-03
-5.740024118185971247e-04
-4.012411344067601249e-04
-2.268354655223348004e-03
7.575537804882515047e-05
7.311670104073186849e-04
1.721062960941210918e-03
1.592383381499473671e-03
1.581926594978355638e-03
-1.489955750594518236e-03
-9.037103110536293116e-04
-1.445329098759273734e-03
-1.273165126285391580e-03
-9.213740101081668854e-04
4.255088581697208383e-04
1.793489277549298322e-03
6.649300615464426301e-04
-4.982465683145420599e-04
3.839758240591351068e-04
1.713489561810277451e-03
1.693410250600990707e-03
1.809136035872072057e-03
1.606232893481163160e-03
-3.887314574946287848e-04
8.179502818794759378e-04
-1.709396336313062648e-03
-1.524789968451401023e-03
-2.468528411554871127e-03
-3.482514759516774916e-03
-1.451053714665917482e-03
-1.385296816113879004e-03
6.893530487239729609e-04
-4.175537373640736405e-07
-3.832528427357928535e-03
4.391570746058448549e-04
1.242960662359848811e-03
1.873058227085167005e-03
7.715163665817925676e-04
1.121043026619972238e-03
-1.332535460392136883e-04
2.132764362789529855e-03
-7.738722100416595140e-04
1.600136786747086148e-03
-1.483488171162505864e-03
-3.798755748878335226e-04
7.420149034214063022e-04
-6.735452986106338358e-04
7.042794524458884098e-05
1.867019410223491604e-03
-4.597963768055990386e-04
7.364125718876124438e-04
9.110603015827223317e-05
1.849084350915575214e-04
-1.604779657562005468e-03
2.313290153249880632e-03
-6.378705706104881301e-04
1.082361666950859558e-03
-6.611836349907918020e-04
-6.939795777682888911e-05
1.575042550289396104e-03
2.560129002052491387e-03
-2.715323406494718483e-04
-1.517689987599268875e-03
-1.169035063707468680e-03
-1.204294031573738266e-03
2.133311823744321600e-03
7.665743877538488960e-05
1.042326140126448308e-03
1.830219120670051325e-03
2.435798790831000815e-03
-6.155038229920251069e-04
1.293097961724498646e-03
2.383429595926855882e-04
-2.789546112058616245e-04
1.838099565752315812e-03
-2.250605599757093955e-03
6.615954675872615098e-04
1.735416756451613196e-03
-4.546971066794469607e-04
-1.745929463920603553e-03
4.630859433927270175e-04
1.400032468048095780e-03
3.589227179965348569e-04
2.649940057688482398e-03
3.898673601758773088e-03
1.065174005923097411e-04
1.240683829943023397e-03
-1.963376724408050222e-03
3.797956410274139216e-04
-3.472671669548788032e-04
1.037946080160168094e-04
5.194531765155829817e-04
-1.656594669762867511e-03
-1.453896063305037956e-03
9.540565706096515441e-04
-6.450507778943403991e-04
-4.034678590993934222e-04
-2.058725990169207876e-03
