# Delta chi2_r = chi2(OU_r) - chi2(LCDM), TT, theta1_Delta0.05, sigma_X=2.506316e-02, H0 re-solved for theta_*; NaN = failure (see fallos_theta1_Delta0.05.json)
-3.064039173089483370e-02
-9.618409076511014177e-02
-9.124998354050006810e-03
-9.360148216231323204e-03
-5.539789389151295040e-02
2.341786481387941876e-04
4.709961138257057200e-02
-7.569439218279683246e-03
-3.669820939483869893e-02
1.119767807647775726e-03
-1.324597192232808140e-01
8.657690309572529941e-03
-1.038057479352971768e-02
3.417350123743645440e-02
-2.512832041961843288e-03
6.588902458512180260e-02
2.640681091613927833e-02
-4.010712890999101887e-02
-8.827226217775319128e-03
-1.316165474796342494e-01
-1.148364374882504535e-02
2.162592363277582308e-02
-1.166690884153354091e-02
-1.374210945886744639e-03
1.326930083912714053e-03
2.464619465104078699e-02
-1.463810322261238639e-02
-2.297439181713656353e-03
-3.037680691252475640e-02
-2.953283832141906373e-02
-3.495709340094421691e-02
3.874709630979822350e-02
2.196260153365159340e-02
-9.431946606028418501e-03
-6.600748958394575538e-03
-2.728243033135768769e-02
-1.553220909578101327e-02
-1.662992346139802180e-02
2.194375570292805833e-02
-4.901982729101916902e-02
2.051607645949360403e-02
-6.178842860635924694e-02
6.175303660540620854e-02
1.640269736741117867e-02
2.089342490279477715e-02
-4.390909684454413764e-02
4.568205228262911533e-02
5.106270151978620220e-02
-4.631030230318344820e-02
-6.825979837223883351e-02
-7.089327474457007838e-03
-1.174810346853760734e-02
1.191087033787852079e-02
-5.393590326718822325e-03
1.096947535834758014e-02
-1.892481611857732560e-03
1.044414530923631901e-02
1.810913149173032366e-02
-6.984482156756044446e-02
1.701504828622901755e-02
-2.002970437581197416e-02
-4.296091318483519217e-03
-2.043867548217193075e-02
-7.493105499836971717e-02
8.544089882878580511e-03
-5.623658100382655789e-02
-2.917044311692862379e-02
7.349409716919552693e-02
-8.653216187958889805e-03
-1.130518012819337059e-02
1.472474529940015486e-02
-8.620928227298207958e-03
1.292902487743674556e-02
2.946087670733632535e-02
2.708713168449250475e-02
-3.160306004162549698e-02
-7.310248810163955113e-04
-3.428557114644448234e-02
5.475413220683833515e-02
-5.574717922443639395e-02
1.699803899132490415e-02
-5.320286202141844001e-02
1.373090723150127701e-02
-1.773390719264611448e-02
-4.461430152811018957e-02
-6.635382176458648473e-03
4.697483685205483539e-02
-1.976719663833392815e-03
3.108938282528939112e-02
-4.537416728386389764e-02
4.405932046289251502e-03
-1.804169248649145629e-02
3.455163454486864794e-02
-5.781887367104943110e-02
-1.578195447279995278e-02
-1.809221927108950467e-02
3.185823907332974159e-02
1.024942487891777887e-02
-4.464676110749010718e-02
2.619791326117848485e-02
-4.559761134267859006e-02
-3.512483023307311214e-02
-5.145469178202688454e-05
-2.289309006183515294e-03
7.107520050837479175e-04
-9.353590488137442094e-02
2.143112765108767803e-02
2.645208616984717764e-02
5.501016092655319767e-02
1.533506776832993523e-02
6.260977149072033399e-02
-1.726527002827538126e-02
-6.106490579501411275e-02
-5.160731480337688026e-02
-3.781929886543622388e-02
-3.999923289538642734e-02
-5.721789496018203636e-03
6.211958795854854998e-02
8.635953341380542270e-02
-2.431187735148299112e-02
-6.105542285297360650e-03
7.216261574921389865e-03
3.456088075470020726e-02
-3.000961428952564347e-03
2.082401049857907083e-02
4.602735701019611270e-02
-3.689710666423096086e-02
-7.781136823577838868e-03
1.412060353218080877e-02
-5.883849533389806652e-02
-8.049447622752481379e-02
-5.713581547075463618e-02
-8.033033887421581198e-02
-1.752690935843759235e-02
3.940395784806582924e-02
-1.239229262485288530e-01
4.114465515482379487e-02
3.424656843429829678e-02
3.341563663440538789e-02
4.450101453348409564e-02
6.097399674299452954e-02
-1.376319437651929434e-02
3.183867730487932590e-02
9.658668633925060476e-03
3.716369855172274583e-02
2.463587820791701688e-03
-3.383465898195936461e-02
7.467974165357560423e-02
1.258487959433551850e-02
3.400734444473485496e-02
-5.257401945033990387e-03
-1.984488522211336203e-03
-2.647421025559992813e-02
2.150649468824994415e-02
1.377971322244064822e-02
-1.487264662758391864e-02
6.817975145003885018e-02
-1.725946738176276085e-02
6.567260034595889806e-02
-5.077768091169332365e-03
-9.843365686908356338e-03
4.356620478627704074e-02
1.938616088198230614e-02
-1.416543035215767077e-03
1.755569358561004378e-02
-3.153238046981243770e-02
-4.964051496284227483e-02
6.988238044650429970e-02
6.353232247662177201e-02
2.375259470361612557e-02
7.193796942788210913e-02
7.132306782175490412e-02
-3.409817392082814536e-02
5.904052154708594458e-02
-1.404541058215613702e-02
-3.595020582500296769e-02
-9.178885952245252611e-03
-6.960461904491666019e-02
9.387716069344520520e-03
1.079289386204962398e-02
-2.164304975859820956e-02
-2.747965333206536798e-03
1.170927424132273131e-02
2.901667962477816332e-02
-7.673200607793972949e-03
7.176062866074417457e-02
5.541022511222593039e-02
-6.361126630849867070e-02
-5.848346032948370521e-04
-1.074973345010690196e-01
-4.425927609502977589e-02
-2.258599488527224253e-02
-1.424593127829609784e-03
1.878812134220098073e-02
1.519784612582952832e-03
-4.322568693084960501e-02
4.035228322175044013e-02
-6.206866378872533119e-02
-3.335447764612098354e-02
1.576541373099260568e-02
