# Delta chi2_r = chi2(OU_r) - chi2(LCDM), TT, theta20_Delta0.10, sigma_X=2.506316e-02, H0 re-solved for theta_*; NaN = failure (see fallos_theta20_Delta0.10.json)
-2.490902107886938666e-02
-5.567036315547113645e-03
-4.404662281736904106e-02
6.900566546129027756e-03
-2.703056369579215357e-02
5.349855233173883562e-03
-1.841326172141322104e-02
-2.682723546694987249e-02
-3.216575694661827356e-03
-3.324586138290896997e-03
-6.370569528489866684e-02
-5.349079824071623079e-03
-1.276347652870057914e-02
5.228563071275615926e-02
-1.435032176217987399e-04
2.406968502007700295e-02
3.722516990119828506e-03
6.886118623473436173e-03
2.992914207011665439e-02
-7.628600354086856328e-02
-3.609474042470139921e-02
6.308565794295262208e-02
7.682564714233564018e-03
2.923329776519523193e-02
-1.451505827481724964e-02
-5.114261792428465014e-03
-4.733594933981066788e-03
1.724257073403023810e-02
-5.633082720684257083e-02
-1.927133040477002623e-02
-4.092483482260789174e-02
7.251751115509108558e-02
-2.751581441646777648e-03
3.955982970983029645e-02
3.745642307899998968e-02
-3.519457519289304059e-02
-1.436576734157313240e-02
-9.667254655454371459e-06
1.414727257333581179e-02
1.995302335689785878e-03
2.575979102129366538e-02
1.225897102592554688e-02
4.535525678258522930e-02
4.521478457181871136e-03
1.562371124891370755e-02
-3.306982627764654126e-02
-2.406437571053743341e-03
2.185964401673601287e-02
1.853824612116738990e-02
2.051928868738173151e-04
2.389044265607154216e-02
2.543287577743669203e-02
-2.756069169949881825e-02
-2.066302725062740819e-02
5.871223599488217815e-02
4.179084564251667189e-02
1.481889061153651710e-03
-1.883459926115804706e-02
-1.881278651817552827e-02
4.721244221151721376e-03
3.452032525073533975e-02
4.882283701380885077e-03
1.136703903713964792e-02
-4.007609348288809770e-03
-4.703038707898343773e-03
-1.797327096284462300e-02
-3.366662669251141438e-02
4.016550601600954451e-02
2.479565304742337162e-02
-2.086113547595402906e-02
-2.733477776452275521e-02
1.503551305259520632e-02
-3.273297412889064617e-04
3.360951481923279971e-02
-2.415600114464666603e-02
-9.702055213431037828e-03
-8.482351472665072833e-03
-1.385151172798160246e-02
1.529151667010708593e-02
-1.588685756249219594e-02
-1.100216868508852031e-02
-1.419025943644669496e-02
-5.080713694791683110e-03
-3.347404291959676925e-02
-3.566837417556101286e-02
3.069803139137050607e-02
2.722539386340727674e-02
1.208015205940782266e-02
-1.215056329916208711e-02
3.190415967122817165e-02
-2.555992902490089591e-03
4.501945239427485035e-02
3.805325617758370527e-03
1.553284498917761880e-02
-1.512220051093038364e-02
-9.812742236849913979e-03
-2.018027068557870507e-02
-2.669998515290217256e-02
6.456510418360039694e-03
1.098297673340198344e-02
-3.163933897966231257e-02
-2.101141477661272461e-02
1.307872331223691731e-02
-2.105731498055263273e-03
-9.273486968478295012e-03
-2.286456270892855969e-02
3.071404076210981771e-02
1.422702480873283548e-04
2.232367033359494712e-02
-1.764852749843726087e-04
5.835946597299823679e-02
7.664463758967343665e-03
9.848548369653542522e-03
-9.107104367636509323e-03
-2.771184113207070254e-02
6.628616476820781145e-03
2.073755820939382488e-02
3.229912916808075352e-02
2.877938426350468148e-02
1.502222445789058725e-02
3.389869705767267760e-03
-6.329266060376426140e-03
-3.773151794948859106e-03
-1.200035991571724026e-02
-1.063054556624720703e-02
3.031243918669090931e-02
-4.550110865177003916e-02
1.599999560670184451e-02
2.716230932540497633e-02
-3.830650521220846372e-02
-1.306672616829729350e-02
-1.181357876923527783e-03
-3.533977268237720182e-02
1.479981786344453099e-02
7.779369351272436006e-03
-5.097814603687922386e-02
-1.847554360567116305e-02
1.262054661719247406e-02
-2.191071629995278158e-02
2.426273364770992202e-02
7.231068159046216692e-02
-3.699475693213827299e-03
1.461968389648760080e-02
3.297740705941976103e-02
-4.293077521591470713e-03
3.153491012437470431e-02
1.119216179351667506e-02
3.014719000233156976e-02
2.770840848905464782e-02
1.450775612894972255e-02
1.709494378220099975e-02
7.482545902501414048e-03
-1.353352734564694515e-02
-3.548947823933090717e-02
-1.240252617924042511e-02
-2.542979733359373995e-03
3.620292340593778135e-02
3.067150106123506248e-02
2.160536575189198061e-02
7.446971892715481545e-03
1.596214869294243499e-02
4.393660713137848006e-03
8.081206140627017476e-03
-3.988370035721544582e-02
6.825360073769459746e-02
1.429928684125414406e-02
-2.190168440747797263e-02
-1.046826246312448916e-02
4.421750277068170476e-02
-2.354248399513991785e-02
1.277661453140765957e-02
-9.224399794803161967e-03
-1.063528201280306007e-02
7.370279059725604043e-02
-1.332316789091336773e-02
-6.032917822402339425e-03
-1.371349618754180710e-03
4.289739208832799022e-03
-1.129454817542097089e-02
-4.418690475990416644e-03
-2.319899087336096954e-02
-1.592443875999904890e-02
4.320262516948503162e-03
1.988481314042900294e-02
-4.382530168829745776e-02
2.908716003226885505e-02
1.657397401551108373e-02
-3.538238833721862875e-02
-6.587501739975465398e-03
-3.635710350881637964e-02
-1.679285479994518937e-02
1.561392691750285167e-02
-1.929843137922659935e-03
2.230566742710848871e-02
-1.021611134614630600e-03
5.528311591334045261e-03
6.338453904242768999e-02
-3.502604676436504860e-02
-1.501727934386209995e-02
-8.403409832911989952e-03
