# Delta chi2_r = chi2(OU_r) - chi2(LCDM), pp, theta20_Delta0.10, sigma_X=2.506316e-02, H0 re-solved for theta_*; NaN = failure (see fallos_theta20_Delta0.10.json)
-6.137291067018324497e-03
-1.433278192430975650e-02
-3.127977905440637585e-02
8.025664274910582208e-03
-3.372283495932215658e-02
1.084469237239282791e-02
1.808735984702991573e-03
4.948683900861894358e-03
-8.849611515740818390e-03
-1.671850269994834548e-03
-5.987677292601922829e-02
-2.805620332118508031e-03
-2.526426296116390802e-02
3.865394948855360724e-02
6.511590080542362102e-03
2.306411737447966459e-02
3.370339048629489298e-04
-1.573625792753752251e-02
5.907066840268981878e-03
-5.200038470181489458e-02
-2.443764757200028725e-02
3.276974704608548450e-02
1.075157294945228159e-04
1.135687667082940777e-02
-9.550168107475442980e-03
9.199492073896919919e-05
-2.223495571444189522e-03
8.432893624506831998e-03
-2.683987121817921206e-02
-2.177274734646239551e-02
-2.132756267554292151e-02
4.728002042080525769e-02
-6.137219128348192498e-04
2.292636069390674436e-02
1.146196486642558909e-02
-2.109296706561991641e-02
-1.935379706239004349e-02
1.424982363229077009e-03
3.291651807005813168e-02
-2.223542275505785426e-02
9.044862779589379898e-03
-1.271168846504977523e-02
2.590400670448467224e-02
-1.305838571884265775e-03
2.069251134079408416e-02
-3.426670254746433386e-02
1.307318348995245572e-02
3.022073731040819666e-02
5.050070672275808192e-03
-2.027981466738637550e-02
-8.173027018543166378e-05
1.326671718356209340e-02
-4.879655164931051559e-03
-2.266173042427155337e-03
4.632003745809143425e-02
3.344135124297054062e-02
7.508756145993444875e-03
-1.066463850724197471e-02
-3.623030607002597492e-02
9.401677302420807791e-04
2.397311362900467202e-02
-6.665595518867917235e-03
5.512431155860753051e-04
-6.421573115446221891e-03
1.576384353501936175e-03
-2.200276832494729717e-02
-1.902132817733992454e-02
3.531317787826360188e-02
2.364030623836121947e-02
-1.891963948158092990e-02
-5.244344569787173782e-03
-2.097680619836950200e-04
-6.931280843666343117e-03
2.501326036567341760e-02
-1.727100507871170976e-04
-4.097048501241928875e-03
-4.766646064787494197e-03
-1.881409495710428814e-02
2.425834308325036659e-02
-1.232460957804981661e-02
1.376767529345457319e-03
-1.030148851747014760e-02
1.059751998467994838e-02
-2.100439927267139240e-02
-1.521518526673126814e-02
1.911442314191624803e-02
2.845124714076519012e-02
1.307943252380106003e-02
5.347934409536847511e-03
2.750309782577176065e-03
5.293405010968754709e-03
2.770792599211979734e-02
2.098726612307366679e-02
-1.414505676535426915e-02
-1.804535560101783176e-02
-7.181941735233010604e-03
1.131131046512479088e-02
-2.111245083157164970e-02
-1.502062999104936125e-02
7.520713508929688373e-03
-1.819363990864353298e-02
-2.091303464952254387e-02
8.644616602362376057e-03
-6.527283444976106352e-03
-2.188185920546814600e-03
-4.172860588851179386e-02
2.489750161809212159e-02
-2.598314922378719416e-03
1.579041462388630634e-02
1.324242299501321440e-02
5.978592359105583398e-02
5.108812342925261873e-03
-2.643942940924759455e-02
-3.123877311865363993e-02
-2.570763216485261182e-02
8.146569047875473757e-03
-2.965658379634916741e-03
2.997070618810226961e-02
3.710300897997065306e-02
-9.381718362195812233e-03
1.031653152939071560e-03
9.633207921782016570e-03
7.419063479648713155e-03
-9.923629351032303703e-03
2.476400290909452906e-03
3.092179996648702911e-02
-3.201194440200616498e-02
1.411271206972486425e-03
1.917513465317099985e-02
-3.166837323121285408e-02
-2.984536284550642904e-02
-1.192923104108345456e-02
-2.184578043875795572e-02
1.550656840690933791e-02
2.526780136062711790e-02
-4.810483944460131056e-02
-8.624536033972063365e-03
8.034414506937537226e-03
-2.515174397005992546e-03
3.360072259856927701e-02
5.324646988904113698e-02
8.203007253232641460e-03
8.538619663413626881e-03
1.806323895988093398e-02
-1.137145007430717669e-02
9.235968217238266220e-03
1.043968658875016331e-03
3.562661933250943491e-02
2.647209718828946734e-02
2.420094018649621148e-02
-4.797170842447684436e-04
4.611777032648589625e-03
-5.380180292752001492e-03
-5.717363834566668856e-03
-9.470449679927384068e-03
-1.121467767855932607e-03
4.453944974630630327e-02
9.886384954420179838e-03
3.621171973224335261e-02
2.829415941169699522e-03
2.699071060371593944e-03
1.425178013476902095e-02
1.798387769960996252e-03
-2.796395740656443252e-02
4.077537935058472840e-02
-7.727892057037166751e-03
-4.600090023981096010e-03
8.879865546026266543e-03
4.339803460338487184e-02
-3.804159244008786800e-03
2.497505896698548611e-02
1.476371050032554422e-02
-3.133763747730000659e-03
4.556591446759128416e-02
-8.633050235657080407e-03
-9.941103792941774486e-03
-6.147323504469781597e-03
-5.845520218905164711e-03
8.546245545646868891e-03
3.046582036301259677e-04
-2.265356677480667713e-02
-1.368762209178875366e-02
2.485252939910864711e-03
1.713565948036155362e-02
-2.799853646370742410e-02
3.967932062167633944e-02
1.689686668454726259e-02
-2.075903615435770178e-02
-9.382328009833074134e-03
-3.935273940488848154e-02
-1.534499495001639957e-02
-1.066242091095226385e-02
-6.843671420218910839e-03
9.155952668736588862e-03
5.224274077750834522e-03
-1.744346233449789452e-02
4.061023078995518176e-02
-3.519018582627175817e-02
-2.139112768025519529e-02
-3.766619929916004139e-03
