# Delta chi2_r = chi2(OU_r) - chi2(LCDM), TT, theta0.001_Delta0.10, sigma_X=2.506316e-02, H0 re-solved for theta_*; NaN = failure (see fallos_theta0.001_Delta0.10.json)
-1.114266392875151723e-03
-3.536962456998082871e-03
1.615935550411506938e-03
-6.298699108313599027e-04
-1.510625305098045601e-03
-8.717555866795123620e-04
2.082017850426609584e-04
-5.346681704700984028e-04
-9.766425194577266211e-04
1.107789652028401406e-03
-2.746984760872095421e-03
-8.352187281559508847e-04
1.300848849552949105e-03
5.973574413715709852e-04
-9.125495573165665064e-04
2.629873270077354164e-03
1.256086140202228307e-03
-1.854697904487778715e-03
-6.161661001904406021e-04
-3.796529349248345397e-03
-1.057871695639533982e-03
-1.312290422031736625e-03
-1.060038507777250061e-03
-1.252600188585972774e-04
-5.986502782882041629e-04
9.863174474702418593e-04
-5.223853433022895842e-05
6.012402260964222478e-04
1.603829998977346349e-03
-1.317868696052215682e-03
2.348204206938930838e-04
-3.564020460800065848e-05
5.174811978108095900e-04
2.417490404091893197e-04
-8.111781436070941709e-05
5.148885524270951919e-04
-2.043739874864058947e-04
1.649853446572535631e-04
1.119532030870118433e-03
-2.318418867307769915e-03
4.793580972055622169e-04
-2.689101657669112910e-03
2.280390761900008556e-03
1.600434500105052393e-03
1.341219590987208221e-03
-9.186857572771600644e-04
1.450248669613074526e-03
2.204483956177227810e-03
-2.803012352561751186e-03
-2.400835859518224424e-03
-5.825642346550807815e-04
-1.891236888020841889e-03
1.057468037796382987e-03
-1.181172629301840971e-03
5.229770652199761116e-04
-1.657504161347134186e-03
3.574768850107545859e-04
7.637701115150719033e-04
-2.324541497362275777e-03
7.652351051596895104e-04
-2.048486305831431764e-03
1.200169692339159155e-04
3.365662531678026426e-04
-1.131280153110481024e-03
4.846071827557807410e-04
-3.300734816910733116e-03
-1.023602962128222771e-03
2.605877765240904864e-03
-2.464982352705646917e-04
3.135557232738506173e-04
-5.963388095828747737e-04
-2.360721314360603174e-04
-1.598926528743049857e-04
1.606909579265902721e-03
1.855209020352077687e-03
-1.224358385883306255e-03
-3.847448385059237808e-04
-1.877844664491590265e-03
1.435180018290793669e-03
-1.678037210876226482e-03
1.219629950480083380e-03
-1.602006315096105027e-03
-1.187813660333603138e-03
-8.195764723168963428e-04
-5.732956465536176438e-04
-1.504517271534666634e-03
-2.281772956962413446e-04
-1.337623968666434848e-03
1.061040537376101156e-03
-1.460997298742938710e-03
-9.186963188305696804e-04
-2.491420943044886371e-03
-3.867546881330952147e-04
-2.337258564686806039e-03
-6.205770450442571473e-04
5.762204007098148395e-04
-3.316220428430938227e-04
2.817243444933836827e-03
-1.373093058791852172e-03
-3.622041205986192836e-05
-4.132444449886918392e-04
-3.288862962307348425e-04
-2.017684720641454987e-03
-5.504091672854372064e-04
-3.908923773110473121e-04
-3.174596104702942512e-03
4.909279184559522946e-04
9.071099364632573270e-04
2.080526383284819758e-03
1.637102339859808353e-03
2.307523690642909742e-03
-1.350570046209753627e-03
-1.607935905347801508e-03
-2.074623367814609765e-03
-1.530882756405560485e-03
-1.174356784520824704e-03
4.046655974327961758e-04
2.428685405412522869e-03
1.793135627796260678e-03
-1.038363170529521540e-03
2.617052048741186354e-04
1.433642284361269503e-03
1.996008551593320135e-03
1.261799312679556806e-03
1.493384365232941491e-03
5.601339802652205435e-04
5.736027780756103311e-05
-1.472813179464793620e-03
-9.248230319585104553e-04
-3.065217589657720509e-03
-3.909571101790021430e-03
-1.890359275410702367e-03
-2.201262447940166567e-03
1.318220294557193029e-04
5.681744850605241481e-04
-4.999305815573507061e-03
8.703471014541719342e-04
1.562310374694675374e-03
1.644237994277375492e-03
1.265977551852870420e-03
1.905876621016489025e-03
-3.137435174309644026e-04
2.179594082278413225e-03
-5.038940890749188384e-04
1.697413302252925860e-03
-9.362385038258480563e-04
-8.130616520887201659e-04
1.819919003647640920e-03
-2.229387441907704215e-04
5.515737874404180729e-04
1.550618727605979075e-03
-2.555378602053792747e-04
2.334659824008156193e-04
2.038430197899288032e-04
2.311104893024662488e-04
-1.370905872242644818e-03
2.870149042600189659e-03
-6.270136851433960601e-04
1.968936703207191385e-03
-2.541180865449632620e-04
-2.146791625321498032e-04
1.851758833286254458e-03
2.332299905656753936e-03
-5.154176413171285276e-04
-7.338274870960503904e-04
-1.188972205866889453e-03
-1.575343543855467487e-03
2.721994354892842694e-03
1.227280422394727566e-03
1.046603366212650599e-03
2.545098756115748984e-03
3.115665577116288887e-03
-1.083974355523764643e-03
2.122058544902216681e-03
-9.373905924192627026e-05
-9.134874770886369788e-04
1.404862073609791651e-03
-2.518840326189319967e-03
5.110909152321596594e-04
1.344194187968383858e-03
-9.107250326252369632e-04
-1.549374470943831739e-03
5.873202791697451630e-04
1.636086454446683547e-03
-2.798217892063803447e-05
3.232795796371590313e-03
4.011507752760934409e-03
-1.122548340529050392e-03
1.247792892371535345e-03
-2.843187999594931625e-03
-3.280046697327065885e-04
-4.267071894759055795e-04
-8.033985296052037484e-05
5.020961330934881062e-04
-1.330453323923563858e-03
-1.810541497171413994e-03
1.430500146181401533e-03
-1.473592704545723109e-03
-1.051313003380016653e-03
-1.425259705040815561e-03
