# Delta chi2_r = chi2(OU_r) - chi2(LCDM), pp, theta1_Delta0.05, sigma_X=2.506316e-02, H0 re-solved for theta_*; NaN = failure (see fallos_theta1_Delta0.05.json)
-2.598863419095387428e-02
-7.186987969300240309e-02
1.965003925386632488e-02
-5.496553367636991538e-03
-4.373418281615570891e-02
-6.994835676668031965e-03
3.683725045259222952e-02
2.877799147537984936e-02
-2.642321412980308537e-02
1.789689627389634552e-02
-7.758286686239834751e-02
3.974261176882265545e-03
4.539299994251067005e-03
3.277630012631149725e-03
-1.082242913907549564e-02
4.924097391442039395e-02
2.518151157194736811e-02
-4.264433165744030418e-02
-2.803358338834449626e-02
-9.473897093976724193e-02
6.450608070911911796e-03
-2.148665785984249510e-02
-1.524312190136711820e-02
-3.192357363652220670e-02
1.453942900674576322e-02
3.200137398079405671e-02
-1.493662391499839259e-02
-4.155122177037284814e-03
5.467916655714333274e-03
-3.924689900624933614e-02
-3.015943373570806330e-03
1.550322942011739258e-02
2.194008156275906174e-02
-1.476176442195331617e-02
-1.162465150108360490e-02
-9.849431059302915514e-03
-1.023178382814649012e-02
-2.876680296921563240e-03
3.565133758229244165e-02
-4.640653451004084218e-02
1.597231216496197703e-02
-3.840776407147039606e-02
4.014864950359608997e-02
4.119609623259812281e-02
4.194263220324856434e-02
-3.360238001173421196e-02
4.332697866836809908e-02
4.294047865901440275e-02
-4.662075582754532377e-02
-6.040859819067634362e-02
-1.611597578983925416e-02
-2.517433393724921586e-02
2.533270794520525726e-02
-6.400120667718667278e-03
-5.650316518998721449e-03
-1.755111896626360135e-02
1.652577506087382631e-02
1.335207485661626947e-02
-6.634999716170320028e-02
8.805362873673061586e-03
-1.629041035820044669e-02
-7.688859229482147839e-03
-3.159626983671515177e-02
-5.313635635637758980e-02
-6.070988735535465253e-03
-4.595119809383163556e-02
-2.702786164918258294e-02
4.195758336426180790e-02
-6.705678533556636012e-03
-5.513859677387600300e-03
3.084092075035549385e-02
4.388164421541773663e-03
1.284929502567422333e-02
2.999125685419024023e-02
5.469234814477452744e-02
-2.234639292166029634e-02
-1.797595652843675396e-02
-3.597314970522980104e-02
3.338031246590134060e-02
-4.616305582387703055e-02
1.095166752796750131e-02
-4.825680195927439797e-02
-2.061462167574745763e-03
8.585066133921515075e-04
-1.112002913810528071e-02
-1.844783129233995567e-02
3.065596789092595031e-02
9.720921383600256149e-03
3.526726051744688561e-02
-4.571112581954572818e-02
-4.544769329477560404e-04
-2.638878933807653482e-02
4.287362642772762911e-02
-6.216291789805161727e-02
-2.101412115101908284e-02
-2.521455682064299708e-03
4.264926533555524202e-02
2.818173746852536965e-02
-5.888609904336306045e-02
2.503894260583372500e-02
-2.384324922657832246e-02
-1.131122960097208363e-02
-1.175979010337435682e-02
-1.501697591905326590e-03
1.228076650260589986e-02
-8.197579783559838518e-02
1.296335417539751234e-02
1.727309535548116060e-02
4.656825134414255274e-02
2.477754057058412229e-02
5.119004121248238448e-02
-3.184204078953101202e-02
-6.805394769821937473e-02
-3.500804186608874602e-02
-3.388768617005766259e-02
-4.271500239011238875e-02
-1.867660457679143349e-02
6.272175006605884562e-02
6.438611853475251223e-02
-2.945877255022821828e-03
3.262750270591752155e-03
9.768477699578781426e-03
2.051273330104486092e-02
2.164948010833178671e-02
4.297508002751015965e-02
1.797576158421954062e-02
-2.501304248525570983e-02
-5.650480380683831072e-03
-9.338266175102916122e-03
-3.374446411053000361e-02
-7.861860080633853443e-02
-3.551357494518825320e-02
-4.105100709759668121e-02
1.830651001759520113e-02
3.166608836770024027e-02
-7.015233918908059252e-02
4.175687282658380184e-02
1.726020304386111093e-02
6.281019758260164565e-02
4.207177106901305308e-02
4.051986360842185775e-02
-2.090357610439852465e-03
2.701906280900523427e-02
3.315114399825347391e-03
2.886324623211500295e-02
-2.652683746394046693e-02
-1.478326659792017495e-02
4.366348100400507803e-02
-3.537645601152661357e-04
2.649049064161523859e-02
-7.146365307823643320e-03
-1.195337739998691973e-02
-5.284255329970122261e-03
2.833658264533589488e-02
1.625488757120940875e-02
-2.043837443496698825e-02
6.667040749633024177e-02
-2.727464021600489730e-02
4.254993450644128927e-02
-3.164383380995694495e-02
-1.085470734807358895e-04
3.462500707901838837e-02
1.387354898924364477e-02
1.125224784403577871e-02
-4.192735811894721110e-03
-4.615844129231660986e-02
-4.692756664599428973e-02
6.240371375589504055e-02
3.532266680487872179e-02
2.971835716693504992e-02
5.850058761744492131e-02
5.662191809606298420e-02
-1.500792795968841631e-02
2.461428951561472900e-02
-9.746389412594425039e-03
-6.203071587929542829e-03
7.751653299902017125e-03
-7.148285683818400571e-02
3.722088574419757379e-02
3.261570927441503898e-02
-8.987922231252554184e-03
-1.261265081278750699e-02
2.134153872624722226e-03
2.781141085440808070e-02
1.160038320446865612e-02
5.901313341855995986e-02
6.014349820120834522e-02
-1.962994000674456174e-02
-1.173529228798741997e-02
-9.892641480852759628e-02
-2.628537235400862926e-02
-2.255915017055265537e-02
-2.949499981845349339e-03
3.124545460504712935e-02
4.445879511436601206e-04
-4.297496196627292875e-02
2.652761852909257811e-02
-4.834068246503697708e-02
-1.445872948036175387e-02
-1.141802092435639793e-03
