# Delta chi2_r = chi2(OU_r) - chi2(LCDM), TT, theta1_Delta0.10, sigma_X=2.506316e-02, H0 re-solved for theta_*; NaN = failure (see fallos_theta1_Delta0.10.json)
-2.361813566993831159e-02
-9.036426990061485753e-02
-9.296234814122783519e-03
-5.470165890201883485e-03
-5.885800326844758956e-02
5.386891393616366486e-03
4.534390039069080558e-02
-3.454607122385766615e-03
-3.275849228305816041e-02
2.472660964468076372e-03
-1.252347255358685629e-01
9.610171229958552885e-03
-1.482449869924096220e-02
3.643522508931340553e-02
1.714077951397996458e-04
5.893610978788998978e-02
2.634322013596346324e-02
-4.681494298811728072e-02
-1.285528968391957960e-02
-1.231029561065390965e-01
-1.019375848500558845e-02
1.825206149325708793e-02
-1.240121933456350689e-02
-2.755694062791747001e-03
2.901838395086286937e-03
2.266498977559550099e-02
-1.304393909065737489e-02
-2.412251485583993826e-03
-2.410078499753254277e-02
-3.018749619115368432e-02
-3.336749030139785077e-02
3.568099549363168421e-02
1.945890139236539085e-02
-6.731768012770089626e-03
-5.211428120937000585e-03
-2.480378773800140380e-02
-1.777014398071230517e-02
-1.137970100801055651e-02
2.632179979440962825e-02
-4.717551616444026763e-02
1.908525413351824795e-02
-6.158351791282257182e-02
5.203687358291020360e-02
1.267858445078218210e-02
2.001468203069478591e-02
-4.594842378983798881e-02
4.376601598287521711e-02
5.003053379606825501e-02
-4.462354416072855656e-02
-6.742301653509485959e-02
-7.735058747726952788e-03
-1.322942446077135514e-02
1.256012677055906579e-02
-3.539752054980027651e-03
1.535807570682123924e-02
-1.038697459645021581e-03
8.997474512991487927e-03
1.422641016851855511e-02
-7.103714288282247935e-02
1.338907086149276893e-02
-1.532357584136434525e-02
-6.343571968514538639e-03
-2.070372884253757206e-02
-6.639918237604192086e-02
7.549110159256855468e-03
-5.590191568530755717e-02
-2.623863763165346086e-02
6.872299705859319374e-02
-4.432176634850293340e-03
-1.099218544203139913e-02
1.816374628481298714e-02
-1.298203804899245029e-02
9.026706380875992863e-03
3.000057610406159370e-02
2.773934860454119189e-02
-2.693863883139258064e-02
1.687341495681948800e-05
-3.372030472102593990e-02
5.347863431302712911e-02
-4.921263625671556952e-02
1.521513900608084668e-02
-4.670827800497079352e-02
1.548133715110466824e-02
-1.584895092572935482e-02
-4.083342059805872282e-02
-5.155107313406404046e-03
4.661477195866581269e-02
-6.710975267978369629e-04
2.878953037574660812e-02
-4.512545147725077754e-02
5.339438196592993791e-03
-1.929227514136044874e-02
3.577534134933202381e-02
-5.892290097444075059e-02
-1.573523383495256667e-02
-1.684128475390878066e-02
3.501382164612820702e-02
1.009789512259118283e-02
-4.910001951080644744e-02
2.666956947320642257e-02
-4.312788837932757247e-02
-3.594384331401911936e-02
-3.541185390172785219e-03
-4.103726621437431277e-03
4.378480013059515841e-03
-9.289456710940413586e-02
2.016655566855263260e-02
1.851673383263374717e-02
5.117417426807335801e-02
1.812187952030797078e-02
6.108235810438955582e-02
-1.613534143262640441e-02
-6.547783511739524442e-02
-5.507645116654202866e-02
-3.299957347064719215e-02
-3.539820485188727162e-02
-4.173065303827883099e-03
5.958899012848917209e-02
8.351579013425336484e-02
-2.543611702693127086e-02
-5.662583255173103680e-03
8.538011317508420461e-03
3.063970464540588523e-02
-5.283262233184871093e-03
2.249079187555125259e-02
4.305552484082042497e-02
-3.534685104575885362e-02
-6.616793621628147548e-03
1.325811626679751498e-02
-5.288163674496004774e-02
-7.655279177540563751e-02
-5.968684652047073769e-02
-7.736202276029757741e-02
-1.656416582391528891e-02
4.198973801057448441e-02
-1.221672517393486146e-01
3.955544614675687853e-02
3.005212167823501090e-02
3.252178243161907290e-02
4.597131238393359354e-02
5.948988596274418228e-02
-6.725741394564721531e-03
2.957806017634467821e-02
1.099412591637261016e-02
2.896502492095009984e-02
-2.767149722060935346e-03
-3.550808267486615932e-02
7.219480767673402966e-02
9.547082782699334302e-03
3.778205459335381988e-02
-4.571860863130439157e-03
-5.567201161937873621e-03
-2.761308963973263531e-02
2.162323570594892885e-02
1.337724442733190244e-02
-1.470630374926429340e-02
6.726933292456749314e-02
-1.959814299273787697e-02
6.242139823991976755e-02
-7.302885927167324098e-03
-9.875758590684569072e-03
3.866430836682965833e-02
1.366468248837549027e-02
-3.757019071116474151e-03
1.789762798856742165e-02
-3.193152978027313793e-02
-4.445660247248994779e-02
6.480040350912830149e-02
6.342541620357877719e-02
2.588177536202351803e-02
6.869192972362014871e-02
6.697043904295085781e-02
-3.167028374188163298e-02
5.362706185034937789e-02
-1.544649678664455905e-02
-3.893525743108128268e-02
-5.986498051299804501e-03
-6.211292260382350605e-02
1.493010196211841389e-02
7.075024094525872442e-03
-2.417460162027751380e-02
-5.209001011085234722e-03
7.392825836163297026e-03
2.838665884979718612e-02
-5.646076122701515487e-03
6.801173863119558405e-02
5.726976458894128541e-02
-5.899283816107825373e-02
-6.082089713164151590e-03
-1.017915604637416038e-01
-4.215445169840847939e-02
-2.229366599642901292e-02
-4.601834246049207877e-03
1.602963819549785285e-02
4.284880529830559226e-03
-4.388452746834659024e-02
3.434807155506902632e-02
-6.359153173831089134e-02
-3.265847408449573663e-02
1.352950195801128075e-02
