# Delta chi2_r = chi2(OU_r) - chi2(LCDM), pp, theta1_Delta0.05, sigma_X=3.975183e-03, H0 re-solved for theta_*; NaN = failure (see fallos_theta1_Delta0.05.json)
-4.229260310328442074e-03
-1.272962282197198647e-02
2.479427954504842546e-03
-1.077183535121761793e-03
-7.008498425719267289e-03
-1.141707620016418900e-03
5.191192116887677344e-03
3.906332853588878606e-03
-4.284208374382814100e-03
2.758167488527973887e-03
-1.241954403350575831e-02
3.887854186643835419e-04
6.897376917454067780e-04
5.564138698037623953e-04
-1.783881822266408790e-03
7.599072301038845012e-03
3.598014614800248978e-03
-7.327363482081850066e-03
-4.759196309750635123e-03
-1.580673698558321405e-02
9.882435382735366147e-04
-3.690596078337549102e-03
-2.564102490653752398e-03
-5.416386081504853678e-03
2.190975260754512988e-03
4.904584913775877908e-03
-2.403273243363202027e-03
-7.344204196240156080e-04
6.328947201783563514e-04
-7.174983736103257570e-03
-6.738552520211271712e-04
2.078457254345522642e-03
3.300146688259175676e-03
-2.439582950419350027e-03
-1.887362679346082928e-03
-1.685583478488794640e-03
-1.629962175387689172e-03
-4.772065061047214840e-04
5.376314226506195837e-03
-7.567530769392760703e-03
2.418080937619748738e-03
-7.442636199485264115e-03
6.242193712456156618e-03
5.975909860669759155e-03
5.557104476777041668e-03
-5.344986101421866920e-03
6.694690409737802383e-03
6.744103023221370563e-03
-8.508951681756471430e-03
-1.047335556977380122e-02
-2.634380821898929526e-03
-4.351681958516095960e-03
3.825262573663223975e-03
-1.034432890133274441e-03
-9.166259412314303745e-04
-3.181388418818542618e-03
2.251200328744928925e-03
1.880745707895314922e-03
-1.094755702859195878e-02
1.308861988658094333e-03
-3.065989041099115298e-03
-1.225474751134214557e-03
-5.202261188079759791e-03
-8.724060883901429975e-03
-1.127735890433356758e-03
-7.537200816715383667e-03
-4.405846073490593540e-03
6.133544585367189939e-03
-1.212403471365419705e-03
-9.774505270367939147e-04
4.697288219436046575e-03
1.074847122772837338e-05
2.025324449920873349e-03
4.626832475493003471e-03
8.081657636855865690e-03
-3.594150596644141160e-03
-3.300940450321476760e-03
-5.871661011843443134e-03
5.016684264028015150e-03
-7.527809968799203943e-03
1.150495438563936546e-03
-8.018370971072386055e-03
-3.712494160375001684e-04
1.244049313697814796e-04
-2.025053077638006016e-03
-3.176711673818388704e-03
4.852665311538828519e-03
8.794485077192604194e-04
5.412664049959658996e-03
-8.127667531573123938e-03
-7.563601211835191407e-05
-6.257928910928356458e-03
6.588725128304773193e-03
-1.038764101094535874e-02
-3.442493663280643545e-03
-5.441754273647347873e-04
6.457573078389344801e-03
3.390284739394289204e-03
-9.910920813034351795e-03
3.886685937697365034e-03
-3.789002040385014425e-03
-1.918956380217551327e-03
-2.000639142091031886e-03
-2.441680265139467565e-04
1.912661399648740712e-03
-1.372377894710297142e-02
1.816858958667566526e-03
2.736164185343170629e-03
6.603542646891114032e-03
3.815786752653593794e-03
7.802510897796821610e-03
-5.284760900046592269e-03
-1.135127170071648095e-02
-5.856772949153210561e-03
-5.715972066026253628e-03
-7.249562471947967879e-03
-3.389178754725108433e-03
9.473878049309547578e-03
9.779766490945362989e-03
-7.104334034870873893e-04
3.959851601127439835e-04
1.523976804239879357e-03
3.054377334775537634e-03
3.109075536714911436e-03
6.446594486350321063e-03
2.882180065711281713e-03
-4.337336611008879572e-03
-9.111129041912136017e-04
-1.548419669479272898e-03
-5.371583196751572586e-03
-1.332748061336630485e-02
-7.483448436987671926e-03
-8.155801585989053137e-03
1.428258720222785882e-03
4.970528242152383314e-03
-1.327871524333623654e-02
5.405949968837475694e-03
2.356218197956394533e-03
9.348128145489909002e-03
6.588450992554228947e-03
6.442532100189524158e-03
-3.251887583495260969e-04
3.923032643013968368e-03
5.419523499785583454e-04
3.036870427866489308e-03
-4.416145391425985167e-03
-3.210742972504121440e-03
6.450993792272541327e-03
-4.360938548337855991e-04
3.963902920517625716e-03
-1.155162433139622635e-03
-2.175971945076682346e-03
-1.708674649115948796e-03
4.204816900337249308e-03
2.183947330268054543e-03
-3.471366015325827448e-03
1.020409762884000315e-02
-4.715729930570233819e-03
6.735339017970076725e-03
-5.312610013403329390e-03
-3.170841530018009280e-04
5.375677405558221267e-03
2.110649123078900402e-03
1.572864251963679294e-03
-8.222713768883949115e-04
-7.681903964035896593e-03
-7.830089339538659488e-03
8.965920913867719833e-03
5.634064119679038640e-03
3.941828535397817745e-03
9.010472212819919946e-03
8.313912387272637261e-03
-2.654490568291478780e-03
3.931582732862537455e-03
-1.542467178024864438e-03
-2.069535041258063757e-03
1.192700425765025329e-03
-1.223320119832926878e-02
5.562941922693909191e-03
4.695733044881578166e-03
-1.400530062067417703e-03
-2.159991852391129896e-03
3.425888765153928261e-04
4.335370428076856797e-03
1.269691860464661204e-03
9.170750664774018901e-03
8.819945639690018879e-03
-3.286971450970455066e-03
-1.838559270082029684e-03
-1.721333246875644818e-02
-4.250622814414128925e-03
-3.643591498244447280e-03
-4.899936164584062226e-04
4.615249502315066366e-03
4.893111848325304436e-05
-6.956209536097546220e-03
3.723971180560781136e-03
-7.786275124882280352e-03
-2.282545571153704600e-03
-4.023123792329386106e-04
