# Delta chi2_r = chi2(OU_r) - chi2(LCDM), TT, theta1_Delta0.05, sigma_X=3.975183e-03, H0 re-solved for theta_*; NaN = failure (see fallos_theta1_Delta0.05.json)
-4.875837212097167139e-03
-1.535714247000896648e-02
-1.557095720500001335e-03
-1.511687016904517122e-03
-8.677893537331726748e-03
3.184394167732307324e-05
7.327508217411349278e-03
-1.228454151831925856e-03
-5.820145051675496006e-03
1.442682408310247411e-04
-2.081106342846794632e-02
1.352689790397931802e-03
-1.668679541758422147e-03
5.505465181858681945e-03
-4.306525268198413414e-04
1.049769636298947262e-02
4.158909892414186515e-03
-6.442294902214484864e-03
-1.471906809584311304e-03
-2.051401083825155069e-02
-1.853397810144485902e-03
3.356385913463100223e-03
-1.872892387911662126e-03
-2.824329708914774528e-04
1.751695204958991781e-04
3.884040117331011288e-03
-2.333825894567098658e-03
-3.792922663272690897e-04
-4.845820247027177174e-03
-4.653114528281321327e-03
-5.513353486655603319e-03
6.238507130056802907e-03
3.467420717004898734e-03
-1.560035495494105362e-03
-1.108747109324070834e-03
-4.320424803111677647e-03
-2.443685432886866238e-03
-2.674663756064177278e-03
3.546345463025346589e-03
-7.832130349658683599e-03
3.260191354257813146e-03
-9.952159606307020567e-03
9.882584541486494345e-03
2.580480828495268497e-03
3.342361008158434288e-03
-6.859689128575041650e-03
7.216762195053405549e-03
8.182534655073681051e-03
-7.458785515478183470e-03
-1.085913952316985842e-02
-1.165519231680178791e-03
-1.931951258757891310e-03
1.823574571957919943e-03
-8.564622337061678081e-04
1.757514175704244508e-03
-3.712535429230001682e-04
1.645752483224072193e-03
2.821695935146806278e-03
-1.098046515121353650e-02
2.679747534521936814e-03
-3.278114815078225774e-03
-6.867137947033086220e-04
-3.274329765940109382e-03
-1.202539563837135006e-02
1.340501072174760111e-03
-8.884354125882509834e-03
-4.611619920577680887e-03
1.175366772464769838e-02
-1.406781935511247639e-03
-1.809989947354040396e-03
2.262978592945330547e-03
-1.395292119124036390e-03
2.027546422482373600e-03
4.753519052076882190e-03
4.216120942150070050e-03
-4.993213573939669914e-03
-1.191664760327171280e-04
-5.425762968023661870e-03
8.663043752775934081e-03
-8.840728732558034153e-03
2.664273325045485308e-03
-8.456397551324101869e-03
2.134490953995538121e-03
-2.824299010036668278e-03
-7.069169679805753503e-03
-1.108654760649585569e-03
7.549073766170977251e-03
-3.264208379718525066e-04
4.893175381607051122e-03
-7.356223099009184807e-03
6.863557752829763103e-04
-3.060105314808936328e-03
5.482950363454364151e-03
-9.298090863488539526e-03
-2.499977734416347630e-03
-2.878041104363404656e-03
4.950401615111843512e-03
1.536051121647119544e-03
-7.158000320451662901e-03
4.160767426846234684e-03
-7.198246545048192502e-03
-5.574814596688071333e-03
-5.603041198654068467e-05
-3.707764450204820150e-04
8.686817899317134106e-05
-1.470855633831646969e-02
3.421085758706254865e-03
4.165586621727612737e-03
8.774001368369255260e-03
2.423404422160047034e-03
1.017579755212594250e-02
-2.768458295232534283e-03
-9.774015522754808671e-03
-8.218397970988888801e-03
-5.947428058284742747e-03
-6.403419702870394303e-03
-9.288308251029775420e-04
9.984352287187192587e-03
1.378100895948008997e-02
-3.966818321877951803e-03
-9.797628228653820770e-04
1.125083314061470219e-03
5.395236598001673656e-03
-4.874024762280271261e-04
3.257559625076567045e-03
7.287461721553256666e-03
-5.758298013507356927e-03
-1.271315567578312766e-03
2.237160056061782143e-03
-9.281157163989917080e-03
-1.268994844218340745e-02
-9.160890260481835412e-03
-1.268641079232324387e-02
-2.848274753958435213e-03
6.250945373601268784e-03
-1.951116804793429083e-02
6.396534145281407291e-03
5.413218785317752690e-03
5.203790395469809482e-03
7.167951423607377137e-03
9.912474277275151735e-03
-2.220812272298644530e-03
5.045232726669013346e-03
1.523584798309940425e-03
5.796062121568468228e-03
2.805304522368601283e-04
-5.460073000655540909e-03
1.189889471375238372e-02
1.950252753431414021e-03
5.420146186004615174e-03
-8.541269964723596786e-04
-3.495587356212581653e-04
-4.191074276953088429e-03
3.302640728907846324e-03
2.125379452809994518e-03
-2.363553628164538623e-03
1.101095154491460448e-02
-2.827745861541330896e-03
1.044926838086368548e-02
-8.707120503892440411e-04
-1.602296239312295256e-03
6.899943336794223114e-03
3.063285123587888847e-03
-2.863918969353562716e-04
2.742556290808551012e-03
-5.061375456229200154e-03
-7.872906011851199537e-03
1.092190863875686091e-02
1.021448781645872828e-02
3.672839679989436945e-03
1.143144451913613580e-02
1.111368844528470845e-02
-5.406134938795048583e-03
9.510436457595972115e-03
-2.203933406125457850e-03
-5.718052188907307709e-03
-1.477020944751217257e-03
-1.112106846499827384e-02
1.435955051093174006e-03
1.705523948004383783e-03
-3.434331738276341639e-03
-4.251393138687831197e-04
1.842210565488500151e-03
4.627207378106845681e-03
-1.277052436797987411e-03
1.151442183077122650e-02
8.825520380735696335e-03
-1.010198796747374672e-02
-1.890166065727783007e-04
-1.694542126958253903e-02
-7.012368023175952203e-03
-3.618537415096767518e-03
-2.343363900472184014e-04
2.979090365943903862e-03
2.197058178516897442e-04
-6.927037434316218878e-03
6.499322909576221718e-03
-9.708905000270107166e-03
-5.308764967619339359e-03
2.453569860893622945e-03
