# Delta chi2_r = chi2(OU_r) - chi2(LCDM), pp, theta0.001_Delta0.05, sigma_X=3.975183e-03, H0 re-solved for theta_*; NaN = failure (see fallos_theta0.001_Delta0.05.json)
-1.743991980323045254e-04
-4.445534488368707571e-04
3.773380527878344992e-04
-9.819502977670424571e-05
-1.167707237499371331e-04
-2.228378188640078861e-04
-9.464351099985890414e-05
1.794775065278031434e-05
-1.020769091777395943e-04
2.503186024860326597e-04
-1.358688603758650970e-04
-2.106324261603731429e-04
3.286610152422042574e-04
-8.114831633854180382e-05
-1.977521192415565565e-04
3.391931777674273008e-04
1.532980339522538316e-04
-2.288579736138274257e-04
-1.347762152885678688e-04
-4.184461212410894859e-04
-1.104822428956708791e-04
-4.151108218195531663e-04
-1.720954480468606107e-04
-1.301386922989422601e-04
-8.299640585640588597e-05
1.811854424360603844e-04
1.902249678664702515e-06
1.152044188525991331e-04
4.076497430371972541e-04
-2.736539204359900168e-04
2.106703299702417098e-04
-1.365464892746359737e-04
5.655069886678631974e-05
2.020486528486742372e-05
-3.622693784421926466e-05
1.676542668000990943e-04
1.791121525585026575e-05
6.139976250274514769e-05
1.869371254290541629e-04
-3.440761495845379159e-04
2.424469138695428683e-05
-3.066483901594807548e-04
2.779461460402643525e-04
3.730229989695743598e-04
2.835593812022807469e-04
-5.069620711317668338e-05
1.855405941153520644e-04
2.884924996600091163e-04
-4.456158626382489274e-04
-3.003891556296878207e-04
-1.182707989997311415e-04
-3.572798015323286336e-04
2.085895391505943053e-04
-2.223541131662898351e-04
-1.636902159596331785e-05
-3.535200944160266090e-04
8.556409513182927640e-05
1.023457412028250246e-04
-3.060003687469503575e-04
9.265573728178821966e-05
-3.530690959934190687e-04
3.177221834782528731e-05
5.598214095847708904e-05
-6.155792099526991024e-05
1.854603382689390401e-05
-4.712012215541960813e-04
-1.405548818613766571e-04
2.257427418115298678e-04
-4.754865823208831443e-05
8.119938175887853049e-05
-1.051526358324395005e-04
4.900884178482556308e-05
-2.036947861228100010e-05
2.406884282120103080e-04
3.609226518470620704e-04
-1.653612361316447732e-04
-1.643430292119774094e-04
-2.994137336145286099e-04
7.559961086656130647e-05
-2.257965311081022719e-04
1.426183925694601839e-04
-2.279880342648255009e-04
-3.004292326718172035e-04
-6.186307024513837405e-05
7.069667367254339752e-05
-3.113191851600305426e-04
-1.830948538437127127e-04
-2.011615669843536125e-04
1.640104525737484664e-04
-1.937384311414547255e-04
-1.981081754625080293e-04
-4.515030426031074740e-04
-1.177345341218938302e-04
-3.444938405099406964e-04
-1.151115582800343873e-04
1.898345208157792285e-04
-7.879300211577344726e-05
4.982314605275206532e-04
-2.093292745719566028e-04
-6.666874445748760536e-05
6.324889334052841150e-05
9.761351924097994015e-05
-3.779039744014056623e-04
-7.691496376693862658e-05
-5.659669088409202686e-05
-4.015744979000146486e-04
3.721011040447308460e-05
1.423582959851898977e-04
2.255996867361886871e-04
2.860152500048229740e-04
2.752624154265248535e-04
-2.870300982724671712e-04
-2.124711719950767019e-04
-1.955017548063153754e-04
-2.534987482754047505e-04
-1.846071728266451828e-04
-6.512135929170881354e-06
3.466892249726072350e-04
8.856813529511953220e-05
-6.075692149565270483e-05
9.369709053963504175e-05
2.450146998196345294e-04
2.629163758722796729e-04
3.401006239229786843e-04
3.104143007952586686e-04
-5.507222736333972080e-05
7.482972707784085742e-05
-2.578937766770650342e-04
-2.738457505842006867e-04
-4.126956759922251194e-04
-6.159524406150751474e-04
-1.651098646942017467e-04
-1.537834726512699035e-04
1.685456371625093652e-04
-1.255009507517002021e-05
-5.463340963043350484e-04
4.014198740165397794e-05
1.604533084034187596e-04
3.437045581833331198e-04
1.318566796726372559e-04
1.631618224866571154e-04
-4.740779322887078706e-05
3.071659667153170403e-04
-1.440400285179777029e-04
1.860078164330758455e-04
-2.448813517847980847e-04
-1.337738515871933487e-05
7.547776480798518151e-05
-8.052020982418639505e-05
-3.874651418911412293e-05
2.740929563778138345e-04
-4.200224930173135363e-05
1.751427356371237920e-04
1.268517585906181466e-05
1.585475125409629982e-06
-2.341122135813833438e-04
3.959433283426960770e-04
-1.025559605061232560e-04
1.875402815336713047e-04
-1.227774091692168668e-04
1.987343885190284709e-05
2.571009787715183847e-04
3.958011524272109227e-04
-3.756119264330948226e-05
-2.496945094403457688e-04
-2.251392506185112552e-04
-2.291354532495404328e-04
3.421835373664805502e-04
2.228428789052827597e-06
1.176203461419333962e-04
3.053090408560166225e-04
3.940621659772602925e-04
-8.084778941608306013e-05
1.811474177522143236e-04
2.997842551266671762e-05
1.896846450399891637e-05
3.050358120013640928e-04
-4.147552661422082565e-04
1.446995476346302212e-04
3.307831161407648324e-04
-6.347431704689654453e-05
-3.060473865534873994e-04
8.787101925378237866e-05
2.440041782669766235e-04
2.863927889151796080e-05
4.332062489957877460e-04
5.952172922807363875e-04
3.350406952584705778e-05
2.225971502962664772e-04
-3.853109761777773201e-04
6.819997742013583775e-05
-4.234856075058246461e-05
-3.080537622324186486e-06
1.217574367906593125e-04
-2.538749441800547402e-04
-2.683809862702446480e-04
1.785970007848192154e-04
-1.061369113255494767e-04
-7.814508641601491945e-05
-3.477743756246098883e-04
