# Delta chi2_r = chi2(OU_r) - chi2(LCDM), TT, theta0.001_Delta0.05, sigma_X=3.975183e-03, H0 re-solved for theta_*; NaN = failure (see fallos_theta0.001_Delta0.05.json)
-2.102513526160976198e-04
-5.951130547856564590e-04
2.590873887662326069e-04
-1.218405778757869484e-04
-2.205117756801655560e-04
-1.656425022744656417e-04
4.250910191316847886e-05
-1.051704477248449621e-04
-1.760184219321558885e-04
1.676658095419725214e-04
-4.684019203011757781e-04
-1.365998277513824632e-04
2.287786511274703116e-04
7.814936661887372793e-05
-1.590674182914142420e-04
4.536346911514499425e-04
1.977914412165659996e-04
-2.635561393695695642e-04
-8.052210137421411673e-05
-6.393101242814225316e-04
-1.707101665218146991e-04
-1.974897068492964536e-04
-1.667564179967939708e-04
-1.565237028344768078e-05
-1.028775450038210693e-04
1.679121761384294587e-04
-1.678370156099617816e-05
9.366220836781735670e-05
2.268470509179110195e-04
-2.036873750554946128e-04
3.192740139468241978e-05
3.033129093665820619e-06
9.431046469643433738e-05
1.849404248943642415e-05
-2.556878092363490396e-05
7.077392207222032994e-05
-2.077846177073183753e-05
-2.440022139893471831e-06
1.551176186929126288e-04
-3.796514067602174691e-04
8.040653151653032182e-05
-4.327637440937337487e-04
4.091267448309565680e-04
2.727363494621215523e-04
2.159751205468296575e-04
-1.325972191708046921e-04
2.415487616715950026e-04
3.527961973652793404e-04
-4.581444547433477510e-04
-3.878087222979331727e-04
-9.292245094272288952e-05
-2.960310869575266679e-04
1.666793577399516835e-04
-1.962150581711341601e-04
5.342353729886895053e-05
-2.742327300815361468e-04
6.375248595347215996e-05
1.424723045495568385e-04
-3.610868065635486346e-04
1.383995278736449563e-04
-3.570136472177409814e-04
2.813292582004578435e-05
5.245162004641201747e-05
-2.273365255476278435e-04
8.184743418482298694e-05
-5.264772667992190236e-04
-1.746914018454504003e-04
4.346408805346868576e-04
-6.531885221860989077e-05
4.946938919303534021e-05
-1.091769727743496787e-04
-1.782866529964621805e-05
-6.794785491592847393e-06
2.490174279330403806e-04
2.925659528081325789e-04
-2.182554838157102495e-04
-6.388449769545445633e-05
-2.997405014291132375e-04
2.334476231808935154e-04
-2.997366835693071607e-04
2.032205980277979052e-04
-2.864103083020097529e-04
-1.968795376292575838e-04
-1.370014779347172862e-04
-1.091010629501454332e-04
-2.509332628690685851e-04
-3.544859467297101219e-05
-2.217738799146218298e-04
1.809388679241408227e-04
-2.392130195367769829e-04
-1.506776832549405754e-04
-3.952780277067802217e-04
-6.662847327021381716e-05
-3.695203971929572617e-04
-9.849555082297456465e-05
8.398633750061890169e-05
-6.706248423782312784e-05
4.492246655374287911e-04
-1.975821769875096834e-04
-9.173301194209670939e-06
-7.712167078111065166e-05
-4.856346171422387670e-05
-3.052255674482751147e-04
-7.821132757968030091e-05
-8.113985433411130543e-05
-5.053926874900582789e-04
8.067009629542098992e-05
1.837346571598175160e-04
3.470441487927189428e-04
2.455698055960908732e-04
3.712047250168382106e-04
-2.214559242297298169e-04
-2.346015136076573526e-04
-3.128771685680931114e-04
-2.648074593381011255e-04
-2.129961102710353771e-04
5.228441597182609257e-05
3.965354654980046689e-04
2.971274027210313307e-04
-1.648388872688144602e-04
3.731304050802464189e-05
2.195414894785585602e-04
3.371711389128506653e-04
2.109028178729488445e-04
2.292439539850477104e-04
1.027692553527970176e-04
5.620546112083957269e-06
-2.421426614631627672e-04
-1.444344125864915895e-04
-5.138765029926162242e-04
-6.384746094774129688e-04
-2.905608279029081586e-04
-3.645666521485679823e-04
1.154547744164347023e-05
7.542599042054121128e-05
-8.019041375071367383e-04
1.472330294980395138e-04
2.676992409647027671e-04
2.668425019720643832e-04
1.913946291729473614e-04
3.048944983738977044e-04
-8.843728731378064367e-05
3.560909559894298582e-04
-9.175224906954326798e-05
3.106261623813111328e-04
-1.258315545555888093e-04
-1.262128571859477688e-04
2.980533871408397317e-04
-2.247909791819324710e-05
6.598476283414811405e-05
2.405361763138103015e-04
-2.423499297776743333e-05
4.239387789439774679e-05
3.455773304850140448e-05
3.865025739457905729e-05
-2.193314287701753074e-04
4.586774653603242768e-04
-9.214715038652343537e-05
3.292124817804165104e-04
-2.967146479093685230e-05
-3.877237391236576514e-05
3.195550593666496297e-04
3.987958603737240537e-04
-6.736503211612898667e-05
-1.254184887038434226e-04
-1.893531306720319662e-04
-2.755201185138389519e-04
4.582863338775666762e-04
1.925397080313473452e-04
1.574878379777544524e-04
4.204291863594278311e-04
5.176037673990663279e-04
-1.853334350343516235e-04
3.582393550658480308e-04
-7.155744704334665585e-06
-1.306749769653947624e-04
2.060662635514631802e-04
-4.392129979251535588e-04
5.188941969791471820e-05
2.330125448892772511e-04
-1.313880112867593652e-04
-2.325812378494163113e-04
1.148087414684084706e-04
2.616245294255747922e-04
-1.037863203734445960e-05
5.321002691367482385e-04
6.263717770913501681e-04
-2.030458931194800698e-04
2.256840910739299488e-04
-4.751612289943807355e-04
-6.381848275793799985e-05
-7.110275168287216729e-05
3.419989209163531996e-06
9.065034654298642636e-05
-2.251789597949027666e-04
-2.845454934217173104e-04
2.529245304643268355e-04
-2.248947478022955693e-04
-1.713258897133584924e-04
-2.137151173009499416e-04
