# Delta chi2_r = chi2(OU_r) - chi2(LCDM), pp, theta0.001_Delta0.05, sigma_X=7.343730e-03, H0 re-solved for theta_*; NaN = failure (see fallos_theta0.001_Delta0.05.json)
-3.224497941669568490e-04
-8.211490729674864042e-04
6.976565159551029183e-04
-1.810447703896045368e-04
-2.158607987396976569e-04
-4.116498139214996854e-04
-1.745154143311111739e-04
3.312863785787101278e-05
-1.883922166570073387e-04
4.626644076797248317e-04
-2.507108385749745594e-04
-3.888460921608327681e-04
6.076838440201015601e-04
-1.499513611626923648e-04
-3.650110013779794826e-04
6.271592505768808223e-04
2.834443127621710801e-04
-4.223227857913514072e-04
-2.489080321730341439e-04
-7.728382971254887934e-04
-2.037129821648164807e-04
-7.665004753310000751e-04
-3.174794650533385720e-04
-2.400778091065092212e-04
-1.531355241475296225e-04
3.343937231061744342e-04
3.637641098563904052e-06
2.133134528037317068e-04
7.538744193151813988e-04
-5.045244105357227227e-04
3.892828598033304388e-04
-2.523137982510803567e-04
1.040126759725978900e-04
3.762672878160344681e-05
-6.717629186425710941e-05
3.101818834689851201e-04
3.321035773673486347e-05
1.135374715097725584e-04
3.456967402684085755e-04
-6.354330699238630586e-04
4.486947348070202679e-05
-5.658672473867198960e-04
5.133042586553671072e-04
6.893539985775021250e-04
5.237517907854538635e-04
-9.347481240240540501e-05
3.428479382492355398e-04
5.335151343945909730e-04
-8.225299818107600913e-04
-5.545217394349322149e-04
-2.186902414873514999e-04
-6.595278425916006881e-04
3.856636809569380375e-04
-4.103040809404490119e-04
-3.022439057787096317e-05
-6.526608546870704686e-04
1.583885559934827825e-04
1.892214959191562684e-04
-5.654281740525846089e-04
1.715142580653861160e-04
-6.516070340918389547e-04
5.831522887689288837e-05
1.034196221407768235e-04
-1.134629485886051725e-04
3.427559402524593679e-05
-8.704830801580243360e-04
-2.598600697609754206e-04
4.169927293169450877e-04
-8.772507981547050804e-05
1.499095783952242300e-04
-1.939177231786715083e-04
9.095059791164317176e-05
-3.760129753871410685e-05
4.443295716765049974e-04
6.671149256423092311e-04
-3.056422495095745262e-04
-3.028097141726249220e-04
-5.528259728269091511e-04
1.393900596902142297e-04
-4.170408303760808622e-04
2.636166232097281181e-04
-4.216407493462526190e-04
-5.544634967389328040e-04
-1.143065832653888947e-04
1.306103776457234744e-04
-5.745653690052421325e-04
-3.386948302281922452e-04
-3.715282438943035004e-04
3.026149058982241513e-04
-3.581022788132770529e-04
-3.664833478378426435e-04
-8.329521458509958620e-04
-2.174401354455568480e-04
-6.360109557306259376e-04
-2.127394395632364876e-04
3.507628348593527789e-04
-1.453380356295497222e-04
9.218016985030885735e-04
-3.864430513065286732e-04
-1.228986300585432900e-04
1.171271191733325168e-04
1.805230744409414001e-04
-6.969897992945561782e-04
-1.418865060909269005e-04
-1.042363578704907923e-04
-7.416619862770090776e-04
6.891124413321847442e-05
2.630352458830031992e-04
4.170253405657575740e-04
5.283483132441091357e-04
5.087277963760072907e-04
-5.299389497768203228e-04
-3.924624741049598242e-04
-3.611943973833575683e-04
-4.679865939340999148e-04
-3.408553876234066138e-04
-1.163760777345146380e-05
6.406111962977689700e-04
1.634887952537411593e-04
-1.120741391460455816e-04
1.733023070453754144e-04
4.527417618973572644e-04
4.860905448627050873e-04
6.287994197062829471e-04
5.735949672622808748e-04
-1.016459449854067998e-04
1.387863148707424443e-04
-4.764692801870751282e-04
-5.063205455400066057e-04
-7.621811054132621166e-04
-1.137380646673236129e-03
-3.047409777696685751e-04
-2.839160044505462110e-04
3.116885767280308528e-04
-2.314519257851088696e-05
-1.008456173391181210e-03
7.459679722110479361e-05
2.964966227683163424e-04
6.354753095489940051e-04
2.430508302886380534e-04
3.014213435168500155e-04
-8.805014374324571236e-05
5.676819882527439631e-04
-2.655656435841535767e-04
3.441910855279672887e-04
-4.520620556256460532e-04
-2.483706970579646622e-05
1.391921725684142075e-04
-1.487766523933231610e-04
-7.173809224347849067e-05
5.068945608925901070e-04
-7.710203716548846842e-05
3.237583183697267941e-04
2.326109708050694280e-05
2.958486950532801529e-06
-4.322487367574012751e-04
7.320109329427282319e-04
-1.894168036322696480e-04
3.460770641083854571e-04
-2.264117722372560593e-04
3.676678371711261661e-05
4.748907303167015925e-04
7.317284089261022473e-04
-6.952612830701809798e-05
-4.610066608954355161e-04
-4.160508529267303857e-04
-4.230154236939398515e-04
6.321293409978778755e-04
3.915875574023175432e-06
2.176280675030284328e-04
5.643492055025234322e-04
7.281997932313544197e-04
-1.496330737111861708e-04
3.344901322908100383e-04
5.516694055351933912e-05
3.500073526119251710e-05
5.635075600594063872e-04
-7.654756361894499150e-04
2.668849624480884586e-04
6.113814278823070936e-04
-1.173749729908024619e-04
-5.652816439027930073e-04
1.626022516116876204e-04
4.510791845628858709e-04
5.323017924041550941e-05
8.010320570317475131e-04
1.100423528894722836e-03
6.156195055595503618e-05
4.115344536028686662e-04
-7.120126792745651301e-04
1.260581968800522645e-04
-7.796695152073596091e-05
-5.631438414255285352e-06
2.249928668440759338e-04
-4.693955237673463898e-04
-4.964637333522148310e-04
3.300160154431353021e-04
-1.959141582297263540e-04
-1.439405289307416069e-04
-6.420936529298870710e-04
