# Delta chi2_r = chi2(OU_r) - chi2(LCDM), TT, theta0.001_Delta0.05, sigma_X=7.343730e-03, H0 re-solved for theta_*; NaN = failure (see fallos_theta0.001_Delta0.05.json)
-3.892892113732671078e-04
-1.100053432313785606e-03
4.786755049757118741e-04
-2.260929597568406280e-04
-4.089057409331076087e-04
-3.053252090339242386e-04
8.108459656597233334e-05
-1.930871239039788634e-04
-3.250512735171184886e-04
3.114004589548358126e-04
-8.656653928866830938e-04
-2.526321688876009830e-04
4.247675176571874545e-04
1.450839685261939849e-04
-2.939235347980684310e-04
8.370308290217565172e-04
3.681463314997301950e-04
-4.859700785679876844e-04
-1.485750541192487617e-04
-1.179871605103244292e-03
-3.166261054694530230e-04
-3.643049398966979879e-04
-3.075627778805767321e-04
-2.766222884176272601e-05
-1.901072240215739839e-04
3.092249520157963616e-04
-3.073135729536602412e-05
1.727544054546115149e-04
4.177835793370832107e-04
-3.763727067500610701e-04
5.886491962669992972e-05
7.246465056454098885e-06
1.751252457431462517e-04
3.468743281587194360e-05
-4.483846894842713482e-05
1.321284082038687302e-04
-3.731713577082018674e-05
-5.489376444955951229e-06
2.856643064781394514e-04
-6.989513955915072074e-04
1.502602891925164386e-04
-7.992646789709567656e-04
7.553127632249356793e-04
5.020180187287337503e-04
3.998198430288368854e-04
-2.453035919458557146e-04
4.461000781539325999e-04
6.545945340477032914e-04
-8.451273458867092359e-04
-7.139349896014834940e-04
-1.699540027679802279e-04
-5.465660752825840518e-04
3.067578730551190347e-04
-3.596607469091850362e-04
9.893147845829730613e-05
-5.056821110009934728e-04
1.170861961377056559e-04
2.646915703152785682e-04
-6.675183411175567016e-04
2.576281723456474992e-04
-6.579581453571847760e-04
5.306199925314558641e-05
9.832622379590816308e-05
-4.191264415673856547e-04
1.521588790360794974e-04
-9.713419213746021796e-04
-3.205922184292830934e-04
8.041100135081080680e-04
-1.199795203916664832e-04
9.110749316576516321e-05
-2.031137285527506720e-04
-3.319102862775480389e-05
-1.061881658870333922e-05
4.598642050410717275e-04
5.414011051598777158e-04
-4.030145900912884827e-04
-1.167011332157130710e-04
-5.543418202016425766e-04
4.322582743903069513e-04
-5.536020216183601406e-04
3.754230563686178357e-04
-5.307996572945228309e-04
-3.642958094793868895e-04
-2.528748970895833281e-04
-2.026289776537737453e-04
-4.614282072630260245e-04
-6.594010470095668097e-05
-4.081013910415265400e-04
3.349763039466324699e-04
-4.395609090899199600e-04
-2.780634032291118274e-04
-7.298668703228372578e-04
-1.248248436240828596e-04
-6.806972250643639200e-04
-1.804627055435048533e-04
1.557027092005114355e-04
-1.244563380495833371e-04
8.304085704438080029e-04
-3.620288766263968228e-04
-1.605617521960311933e-05
-1.427343458821894728e-04
-8.892783442604468291e-05
-5.619635319966675979e-04
-1.443329550134819783e-04
-1.487725905988668273e-04
-9.338075642695287115e-04
1.502457998938666606e-04
3.409290952696153454e-04
6.433389970652569900e-04
4.528546110051934193e-04
6.862877695716917970e-04
-4.085203908950063578e-04
-4.341741087614536809e-04
-5.793222807426445797e-04
-4.878824762784006452e-04
-3.928345385446618820e-04
9.973173684940661587e-05
7.331894371098712782e-04
5.499154361956470893e-04
-3.027614101149822545e-04
7.042641027865670367e-05
4.074498366470891142e-04
6.242850834290436524e-04
3.923403964449789783e-04
4.235767571501014572e-04
1.891797410955575742e-04
1.005038340906594385e-05
-4.466829445348707850e-04
-2.676966966852489804e-04
-9.490841017800732970e-04
-1.180321184794053124e-03
-5.367916352625456966e-04
-6.752043051285738784e-04
1.985942498805570722e-05
1.411947713840788765e-04
-1.480131741214307795e-03
2.725605363096406109e-04
4.959497769476683970e-04
4.937442401846681150e-04
3.551191321022884040e-04
5.629799541573277111e-04
-1.618115348698268008e-04
6.575246344411311838e-04
-1.676893838045145912e-04
5.734372374170959574e-04
-2.312110009405898836e-04
-2.309612767597002403e-04
5.516746638747349607e-04
-4.194322434969421920e-05
1.204915313266496923e-04
4.429756419987995741e-04
-4.298934582180891084e-05
7.919973924330747650e-05
6.500692757782644549e-05
7.336716223704797812e-05
-4.037723739784837562e-04
8.483026200316601262e-04
-1.690880641298520004e-04
6.069958211725179353e-04
-5.362526484731233722e-05
-6.856596226612055034e-05
5.896718592879324206e-04
7.363247808704898034e-04
-1.223476689844460452e-04
-2.314227027113702206e-04
-3.502712185792233868e-04
-5.093776447893105797e-04
8.468536028054529652e-04
3.557295706606566910e-04
2.905525049037294139e-04
7.763884513032337509e-04
9.560969875224145653e-04
-3.430754805719971046e-04
6.640372770618796494e-04
-1.430033552551890352e-05
-2.422022618624453116e-04
3.793266657083904647e-04
-8.123219788025437538e-04
9.599825410688822558e-05
4.283019816888611331e-04
-2.415859190030289483e-04
-4.286334465781749259e-04
2.116127070657114473e-04
4.835480344524967222e-04
-1.934662430969069646e-05
9.823961910448986146e-04
1.156407864574049427e-03
-3.734789741045574374e-04
4.184565765683601057e-04
-8.789059282818811880e-04
-1.149089033525285686e-04
-1.308742821173325410e-04
4.477041262163083957e-06
1.694927783226773954e-04
-4.168926643792758568e-04
-5.273596460426688282e-04
4.669953066844811929e-04
-4.135593001919346534e-04
-3.157992867954817484e-04
-3.956446374751010353e-04
