# Delta chi2_r = chi2(OU_r) - chi2(LCDM), TT, theta1_Delta0.05, sigma_X=7.343730e-03, H0 re-solved for theta_*; NaN = failure (see fallos_theta1_Delta0.05.json)
-8.983566858724145732e-03
-2.847286551788741349e-02
-2.847601680439737493e-03
-2.784184508403342306e-03
-1.619232246259372232e-02
6.218931482138145839e-05
1.358007357566748396e-02
-2.263097604441099975e-03
-1.074982315451578074e-02
2.782774785536901163e-04
-3.827951628738901491e-02
2.505177718433060363e-03
-3.071865101851756208e-03
1.016026830983562945e-02
-7.856478582546344569e-04
1.938403281502232289e-02
7.693567157208036633e-03
-1.185767735232445830e-02
-2.699883553336945852e-03
-3.777528234560634246e-02
-3.394764007879302881e-03
6.217274227271474274e-03
-3.451498899469385151e-03
-5.022917948842575697e-04
3.343714622801030600e-04
7.182210783774678475e-03
-4.309787545686560861e-03
-6.957878864533029173e-04
-8.922921063660993468e-03
-8.584761581431621380e-03
-1.017433599031036806e-02
1.151394206884859273e-02
6.413209209160442015e-03
-2.867265322830547802e-03
-2.028438738271631792e-03
-7.963939151938603800e-03
-4.515951750196478542e-03
-4.929423193697601846e-03
6.535642949369702137e-03
-1.443160368759421885e-02
6.014422263316276940e-03
-1.834458261923899158e-02
1.824692052227305794e-02
4.775492062758956990e-03
6.157480806077586521e-03
-1.283590932583322797e-02
1.333215603139592531e-02
1.510730587770581224e-02
-1.374159077720449318e-02
-2.018331186241795194e-02
-2.138874659145528767e-03
-3.547769756291785370e-03
3.389204455316985332e-03
-1.576809972043236030e-03
3.257961483623006416e-03
-6.707847906000097282e-04
3.043262059179596690e-03
5.231296064629020748e-03
-2.044503169815214960e-02
4.956022271020543712e-03
-6.034172801648196582e-03
-1.266161042646984924e-03
-6.040559274861578842e-03
-2.215568141552637371e-02
2.480729932937464355e-03
-1.651786012369882428e-02
-8.504953877444876298e-03
2.170071497574710406e-02
-2.586374150052250798e-03
-3.343438349357796824e-03
4.201677516263657708e-03
-2.566729640243181620e-03
3.752913281719116867e-03
8.771961029303554369e-03
7.812443004407754188e-03
-9.224854911312974082e-03
-2.158187438610070785e-04
-1.000818762774713377e-02
1.600349763684860704e-02
-1.631197005567841529e-02
4.932887324503809623e-03
-1.559743557138659753e-02
3.958247324977293147e-03
-5.217525095975616978e-03
-1.304290630771731685e-02
-2.029162370870807308e-03
1.393104748830609196e-02
-5.979129527524662535e-04
9.051147047188123906e-03
-1.353698527723423695e-02
1.269753143624541281e-03
-5.591535174140460640e-03
1.012185869346637901e-02
-1.711858600592819357e-02
-4.600900887069769851e-03
-5.314301284897737787e-03
9.176580645739562669e-03
2.862247850849541919e-03
-1.318260101802692930e-02
7.678156212790554491e-03
-1.328872897662236596e-02
-1.030130292930309110e-02
-8.852289876770669252e-05
-6.822253926976884486e-04
1.667874364805754794e-04
-2.716316573876298435e-02
6.307454117141730876e-03
7.705181110985392934e-03
1.619990478439348180e-02
4.480856861334814312e-03
1.874208831852541834e-02
-5.105684604910010194e-03
-1.812680379864772817e-02
-1.515122415280600876e-02
-1.109579237317603884e-02
-1.180771905575994651e-02
-1.707966216667244908e-03
1.842185852253308553e-02
2.544664518824646393e-02
-7.293725900865410949e-03
-1.805295085510749686e-03
2.085574796954148269e-03
9.993868555103091467e-03
-8.960977153336102674e-04
6.032928431597639474e-03
1.346175750621725342e-02
-1.079608998342251880e-02
-2.338227248877444708e-03
4.133546503449991860e-03
-1.725408274713657875e-02
-2.359729008955824270e-02
-1.687727240410552554e-02
-2.358564594398870895e-02
-5.240922635017852826e-03
1.154105525981918845e-02
-3.586129943451155100e-02
1.185374851798570717e-02
1.000551469795851744e-02
9.642543176859419418e-03
1.322495646049759443e-02
1.825503232391767483e-02
-4.091464251732901403e-03
9.323628820652629656e-03
2.809978776973309778e-03
1.073608705190665091e-02
5.516599964785484644e-04
-1.006005263078080247e-02
2.198315392544714086e-02
3.617452579547375535e-03
9.999340459785344137e-03
-1.570280929630740729e-03
-6.357942422354767587e-04
-7.740493702957707001e-03
6.131671115145564954e-03
3.944492747006478339e-03
-4.360143782630387932e-03
2.029792513753747585e-02
-5.196320113402208563e-03
1.930976907132375686e-02
-1.585691897304286613e-03
-2.947882680906843689e-03
1.274486271621455558e-02
5.664207101176543802e-03
-4.916744626335400881e-04
5.093693319079051207e-03
-9.336716457205795905e-03
-1.452582998158646888e-02
2.022674146282810170e-02
1.884447581910819736e-02
6.813647896066754583e-03
2.112725755250011161e-02
2.059241817962131904e-02
-9.984842535029514465e-03
1.754309609382787016e-02
-4.073909920851548350e-03
-1.055504200994050734e-02
-2.720002116728181818e-03
-2.049967208949254882e-02
2.668990616150779260e-03
3.152087136612635732e-03
-6.346719988151505731e-03
-7.828251246628781246e-04
3.408793883298955052e-03
8.533189201973101490e-03
-2.320890135653286279e-03
2.124639581995424464e-02
1.630854000479686761e-02
-1.863922654596805728e-02
-3.003226306574902083e-04
-3.110971530090722581e-02
-1.293761192424014439e-02
-6.669009094299127582e-03
-4.303279146924410270e-04
5.498040774142509690e-03
4.141696774411229853e-04
-1.275693452526738270e-02
1.199479657096702567e-02
-1.810524627162379829e-02
-9.799246903309466461e-03
4.545683730501792752e-03
