# Delta chi2_r = chi2(OU_r) - chi2(LCDM), pp, theta1_Delta0.05, sigma_X=7.343730e-03, H0 re-solved for theta_*; NaN = failure (see fallos_theta1_Delta0.05.json)
-7.782228636328269999e-03
-2.314123874502982403e-02
4.772455622275018072e-03
-1.930520814790170903e-03
-1.292852097282271018e-02
-2.099551315083658665e-03
9.793693636289901860e-03
7.387725628761998564e-03
-7.887322997884638198e-03
5.118998489084702896e-03
-2.291644548149740501e-02
7.943339536158333658e-04
1.283293378330441215e-03
1.016899828460537947e-03
-3.276063816423757658e-03
1.410239074437491524e-02
6.769829145257588721e-03
-1.337410381310988328e-02
-8.699957687868575817e-03
-2.899543149315597645e-02
1.835715730056364237e-03
-6.732743370010396688e-03
-4.694263815302690546e-03
-9.900897555453980203e-03
4.081973257227033969e-03
9.109765102941480563e-03
-4.429019579642812232e-03
-1.334919589098149117e-03
1.236747868613718992e-03
-1.291382823991504836e-02
-1.192295893030603793e-03
3.944549950773534874e-03
6.149964982787636814e-03
-4.476570347300423691e-03
-3.472920565155135364e-03
-3.075949129582866703e-03
-3.009288684205913000e-03
-8.755618405995591047e-04
1.000982768821501168e-02
-1.392114532637300783e-02
4.502158481423990111e-03
-1.337969662853844000e-02
1.157034896478492669e-02
1.118883756746669178e-02
1.053425853483780372e-02
-9.869924493351334149e-03
1.242133978546355877e-02
1.247957420578948984e-02
-1.539809203585917885e-02
-1.909807056441792383e-02
-4.843003133609968813e-03
-7.933459378486773517e-03
7.123626757326917414e-03
-1.905146345519526108e-03
-1.684715160104488518e-03
-5.757950255592447775e-03
4.256489230050064521e-03
3.545676680442255702e-03
-2.010289688853816870e-02
2.444307879477136680e-03
-5.522951803575537610e-03
-2.262103947085591926e-03
-9.555419586400049070e-03
-1.602985713322269135e-02
-2.030960142347382202e-03
-1.385421818273790961e-02
-8.105028165982020028e-03
1.149803014322969830e-02
-2.195114352288030091e-03
-1.773639151146255699e-03
8.735291235057118797e-03
1.977164372828354999e-04
3.745399185431708133e-03
8.583304472381314554e-03
1.510747258579669960e-02
-6.625255041832645020e-03
-5.945336672530388000e-03
-1.079836118755395091e-02
9.353113045273531156e-03
-1.384757797725377770e-02
2.317480566203400372e-03
-1.470955440226440203e-02
-6.727033565834261708e-04
2.332993519811310534e-04
-3.670766284921356259e-03
-5.793941486272657926e-03
8.967972860796535883e-03
1.798770702704288738e-03
1.005336036697634938e-02
-1.476102795939127077e-02
-1.384741329051308867e-04
-1.097755685384171898e-02
1.223664469670993071e-02
-1.903998999300959838e-02
-6.325549553201526010e-03
-9.651746772174618627e-04
1.201355753381960767e-02
6.600662956214975452e-03
-1.814703591008814954e-02
7.206017913569340294e-03
-6.997912755400292895e-03
-3.510401312247779515e-03
-3.655954907699765499e-03
-4.492701116518560411e-04
3.543615343300388076e-03
-2.515511924815783118e-02
3.421767905324557546e-03
5.055459673775075657e-03
1.244456510185720788e-02
7.082019673719130992e-03
1.449662878473745309e-02
-9.692912799559749715e-03
-2.080362882052178009e-02
-1.073238032527790153e-02
-1.044583799783538325e-02
-1.325438190480454637e-02
-6.117969098726305788e-03
1.763359844254352993e-02
1.820266223197286592e-02
-1.246616960884239234e-03
7.649992991360932137e-04
2.822908833950421581e-03
5.702321127762033370e-03
5.830764723942394312e-03
1.201247305806596444e-02
5.315525122609798814e-03
-7.887225956404009253e-03
-1.678442838077387478e-03
-2.840694011025490795e-03
-9.917056582910532825e-03
-2.437716335176354221e-02
-1.332995682694892992e-02
-1.463023392560280911e-02
2.999255494676944522e-03
9.198608731278312689e-03
-2.396519625588844349e-02
1.037180570907025867e-02
4.473322580100358437e-03
1.745196678084326436e-02
1.219772573593402853e-02
1.189902613243454255e-02
-6.029570448813359462e-04
7.358399907356982794e-03
9.965948213377373577e-04
6.123133697718330382e-03
-8.097259780079468783e-03
-5.702747480906822375e-03
1.207195583145725948e-02
-6.990179800201445914e-04
7.396140392215144743e-03
-2.127811998251516457e-03
-3.939068660320899085e-03
-2.928723442094494089e-03
7.853535939846167935e-03
4.157654474747474183e-03
-6.346522728595260787e-03
1.895870283554579316e-02
-8.596926821260453266e-03
1.244765306118367221e-02
-9.728308433977872483e-03
-5.040119413486365829e-04
9.965680683517774696e-03
3.925499639844787225e-03
2.967792743765684804e-03
-1.470994742133413524e-03
-1.408597188799554090e-02
-1.435499004782769816e-02
1.684516157736304365e-02
1.039937939885327012e-02
7.525729162885852475e-03
1.672838520636332760e-02
1.556149382868454722e-02
-4.827281687559192846e-03
7.254868253696145075e-03
-2.850660718065611832e-03
-3.545361648413347666e-03
2.213912533100881319e-03
-2.234453581169226766e-02
1.037240996352473132e-02
8.800460929439424262e-03
-2.594350025628244794e-03
-3.939848218069030850e-03
6.315379872550153095e-04
8.031652767087393840e-03
2.521579142632290882e-03
1.700085346428004129e-02
1.651529072064050752e-02
-6.024677860452243294e-03
-3.403611557891039752e-03
-3.137340608572714018e-02
-7.829674782978912617e-03
-6.711560374501601700e-03
-8.988691128966053157e-04
8.616961225005326241e-03
9.644953215826035375e-05
-1.280884418326699858e-02
7.004878006222625686e-03
-1.435289035814335534e-02
-4.219470092477806134e-03
-6.726531052230200203e-04
