# tc_Gyr ll dlnL_vs_LCDM max_abs_rank1_amp
6.631981202212668125e-02 -5.147700431663933429e+00 -3.004726295230305055e+01 9.579315748027757263e+10
6.881376986415663199e-02 8.567327819118650822e-01 -2.404282973872724938e+01 2.363971720385454893e+08
7.140151304013395150e-02 6.643552524649392055e+00 -1.825600999598972152e+01 7.252010009589851834e+05
7.408656834939560121e-02 1.222064557309837873e+01 -1.267891694754073661e+01 2.743832897946378580e+03
7.687259521663727946e-02 1.759561264446318773e+01 -7.303949876175927614e+00 1.270688271612568876e+01
7.976339067929272275e-02 2.276870102948139873e+01 -2.130861491157716614e+00 7.150247452408350912e-02
8.276289456246344045e-02 2.489795847125635220e+01 -1.604049382763150788e-03 4.854423940772377931e-04
8.587519484845169970e-02 2.489956241429781869e+01 -1.063412966573196172e-07 3.949425458821829121e-06
8.910453324821512866e-02 2.489956252062914643e+01 -9.968914582714205608e-12 3.825267769321016071e-08
9.245531098233569778e-02 2.489956252063911535e+01 0.000000000000000000e+00 4.383053604513056773e-10
9.593209477938241525e-02 2.489956252063911535e+01 0.000000000000000000e+00 5.905185417018965619e-12
9.953962309984233647e-02 2.489956252063911535e+01 0.000000000000000000e+00 9.299996245981756979e-14
1.032828125941028519e-01 2.489956252063911535e+01 0.000000000000000000e+00 1.702423250816415194e-15
1.071667648032863240e-01 2.489956252063911535e+01 0.000000000000000000e+00 3.602632360714226305e-17
1.111967731120698938e-01 2.489956252063911535e+01 0.000000000000000000e+00 8.767139218202866806e-19
1.153783299629660836e-01 2.489956252063911535e+01 0.000000000000000000e+00 2.441080153576295269e-20
1.197171343418965694e-01 2.489956252063911535e+01 0.000000000000000000e+00 7.738783416046898568e-22
1.242190995452616131e-01 2.489956252063911535e+01 0.000000000000000000e+00 2.780270282188597332e-23
1.288903612390891462e-01 2.489956252063911535e+01 0.000000000000000000e+00 1.126824315578412962e-24
1.337372858212494964e-01 2.489956252063911535e+01 0.000000000000000000e+00 5.129591928562499072e-26
1.387664790981306961e-01 2.489956252063911535e+01 0.000000000000000000e+00 2.611789401539304566e-27
1.439847952876006643e-01 2.489956252063911535e+01 0.000000000000000000e+00 1.481357275235835935e-28
1.493993463605256256e-01 2.489956252063911535e+01 0.000000000000000000e+00 9.322862100807883724e-30
1.550175117335768904e-01 2.489956252063911535e+01 0.000000000000000000e+00 6.485889050898718347e-31
1.608469483265355104e-01 2.489956252063911535e+01 0.000000000000000000e+00 4.969845981727625161e-32
1.668956009978023181e-01 2.489956252063911535e+01 0.000000000000000000e+00 4.179737737745499758e-33
1.731717133723352786e-01 2.489956252063911535e+01 0.000000000000000000e+00 3.845231183829314986e-34
1.796838390767719340e-01 2.489956252063911535e+01 0.000000000000000000e+00 3.857011564758366457e-35
1.864408533970485227e-01 2.489956252063911535e+01 0.000000000000000000e+00 4.205071773669486111e-36
1.934519653744044276e-01 2.489956252063911535e+01 0.000000000000000000e+00 4.967960383154406293e-37
2.007267303562568217e-01 2.489956252063911535e+01 0.000000000000000000e+00 6.341629527759986596e-38
2.082750630190514374e-01 2.489956252063911535e+01 0.000000000000000000e+00 8.722144029805377876e-39
2.161072508808376536e-01 2.489956252063911535e+01 0.000000000000000000e+00 1.289053823998849717e-39
2.242339683219845003e-01 2.489956252063911535e+01 0.000000000000000000e+00 2.041797109252330602e-40
2.326662911331457972e-01 2.489956252063911535e+01 0.000000000000000000e+00 3.457460219603198934e-41
2.414157116103017864e-01 2.489956252063911535e+01 0.000000000000000000e+00 6.243868389943321542e-42
2.504941542174502489e-01 2.489956252063911535e+01 0.000000000000000000e+00 1.199745671272385301e-42
2.599139918382932790e-01 2.489956252063911535e+01 0.000000000000000000e+00 2.447300070431479734e-43
2.696880626390692481e-01 2.489956252063911535e+01 0.000000000000000000e+00 5.288188095297649639e-44
2.798296875655115756e-01 2.489956252063911535e+01 0.000000000000000000e+00 1.207928889930660553e-44
2.903526884977813971e-01 2.489956252063911535e+01 0.000000000000000000e+00 2.910828868685751664e-45
3.012714070881163941e-01 2.489956252063911535e+01 0.000000000000000000e+00 7.385680427230642559e-46
3.126007243068700259e-01 2.489956252063911535e+01 0.000000000000000000e+00 1.969477908483696649e-46
3.243560807235807975e-01 2.489956252063911535e+01 0.000000000000000000e+00 5.509549989539964339e-47
3.365534975507090687e-01 2.489956252063911535e+01 0.000000000000000000e+00 1.614104165619780043e-47
3.492095984787267904e-01 2.489956252063911535e+01 0.000000000000000000e+00 4.943912037895066481e-48
3.623416323323145893e-01 2.489956252063911535e+01 0.000000000000000000e+00 1.580641297720631268e-48
3.759674965785463896e-01 2.489956252063911535e+01 0.000000000000000000e+00 5.266770259518173926e-49
3.901057617190989424e-01 2.489956252063911535e+01 0.000000000000000000e+00 1.826221259872556492e-49
4.047756965997317824e-01 2.489956252063911535e+01 0.000000000000000000e+00 6.580114770241097319e-50
4.199972946715301858e-01 2.489956252063911535e+01 0.000000000000000000e+00 2.460256585384375303e-50
4.357913012397025554e-01 2.489956252063911535e+01 0.000000000000000000e+00 9.532611635933803138e-51
4.521792417370697481e-01 2.489956252063911535e+01 0.000000000000000000e+00 3.822669628918746030e-51
4.691834510607794106e-01 2.489956252063911535e+01 0.000000000000000000e+00 1.584543428262499860e-51
4.868271040122278959e-01 2.489956252063911535e+01 0.000000000000000000e+00 6.781141213804408239e-52
5.051342468816760745e-01 2.489956252063911535e+01 0.000000000000000000e+00 2.992680335471588834e-52
5.241298302206056636e-01 2.489956252063911535e+01 0.000000000000000000e+00 1.360481423421736191e-52
5.438397428464796235e-01 2.489956252063911535e+01 0.000000000000000000e+00 6.364042023025908237e-53
5.642908471262536585e-01 2.489956252063911535e+01 0.000000000000000000e+00 3.060073799218772806e-53
5.855110155867238042e-01 2.489956252063911535e+01 0.000000000000000000e+00 1.510969861678970771e-53
6.075291689016071306e-01 2.489956252063911535e+01 0.000000000000000000e+00 7.653975204836804991e-54
6.303753153071275372e-01 2.489956252063911535e+01 0.000000000000000000e+00 3.973956362513748344e-54
6.540805914998252257e-01 2.489956252063911535e+01 0.000000000000000000e+00 2.112885515627418746e-54
6.786773050723294842e-01 2.489956252063911535e+01 0.000000000000000000e+00 1.149401509734696035e-54
7.041989785449288552e-01 2.489956252063911535e+01 0.000000000000000000e+00 6.392196735755219790e-55
7.306803950529499048e-01 2.489956252063911535e+01 0.000000000000000000e+00 3.631313818762389039e-55
7.581576457522110069e-01 2.489956252063911535e+01 0.000000000000000000e+00 2.105610341853365066e-55
7.866681790071581304e-01 2.489956252063911535e+01 0.000000000000000000e+00 1.245289210400441808e-55
8.162508514287220018e-01 2.489956252063911535e+01 0.000000000000000000e+00 7.506362922081317576e-56
8.469459808314576676e-01 2.489956252063911535e+01 0.000000000000000000e+00 4.608465979634004530e-56
8.787954011821310640e-01 2.489956252063911535e+01 0.000000000000000000e+00 2.879797493230487978e-56
9.118425196146562328e-01 2.489956252063911535e+01 0.000000000000000000e+00 1.830492504640801282e-56
9.461323755890759246e-01 2.489956252063911535e+01 0.000000000000000000e+00 1.182786052681054839e-56
9.817117022752183120e-01 2.489956252063911535e+01 0.000000000000000000e+00 7.764583798306358476e-57
1.018628990244686561e+00 2.489956252063911535e+01 0.000000000000000000e+00 5.175529586894515094e-57
1.056934553557987266e+00 2.489956252063911535e+01 0.000000000000000000e+00 3.500869699754573600e-57
1.096680598336867485e+00 2.489956252063911535e+01 0.000000000000000000e+00 2.401874137438597125e-57
1.137921293915313825e+00 2.489956252063911535e+01 0.000000000000000000e+00 1.670531577289888118e-57
1.180712846666189142e+00 2.489956252063911535e+01 0.000000000000000000e+00 1.177265334936728492e-57
1.225113576604117682e+00 2.489956252063911535e+01 0.000000000000000000e+00 8.402376051926209415e-58
1.271183996869027499e+00 2.489956252063911535e+01 0.000000000000000000e+00 6.070693962708933392e-58
1.318986896198669267e+00 2.489956252063911535e+01 0.000000000000000000e+00 4.438034163462664589e-58
1.368587424502517802e+00 2.489956252063911535e+01 0.000000000000000000e+00 3.281509012160570089e-58
1.420053181653681662e+00 2.489956252063911535e+01 0.000000000000000000e+00 2.453061988231500587e-58
1.473454309619834257e+00 2.489956252063911535e+01 0.000000000000000000e+00 1.853203810203246994e-58
1.528863588058729572e+00 2.489956252063911535e+01 0.000000000000000000e+00 1.414332778073412473e-58
1.586356533508589628e+00 2.489956252063911535e+01 0.000000000000000000e+00 1.090018389874345799e-58
1.646011502308549757e+00 2.489956252063911535e+01 0.000000000000000000e+00 8.480387033241790388e-59
1.707909797389426831e+00 2.489956252063911535e+01 0.000000000000000000e+00 6.658073298743455621e-59
1.772135779080358464e+00 2.489956252063911535e+01 0.000000000000000000e+00 5.273383143225154771e-59
1.838776980082326817e+00 2.489956252063911535e+01 0.000000000000000000e+00 4.212112211034920952e-59
1.907924224765265020e+00 2.489956252063911535e+01 0.000000000000000000e+00 3.391933942895442889e-59
1.979671752951332575e+00 2.489956252063911535e+01 0.000000000000000000e+00 2.752982840474603192e-59
2.054117348353064365e+00 2.489956252063911535e+01 0.000000000000000000e+00 2.251358988684870994e-59
2.131362471841437678e+00 2.489956252063911535e+01 0.000000000000000000e+00 1.854607725051888533e-59
2.211512399725488631e+00 2.489956252063911535e+01 0.000000000000000000e+00 1.538546762955498417e-59
2.294676367231936354e+00 2.489956252063911535e+01 0.000000000000000000e+00 1.285020551285726255e-59
2.380967717380358284e+00 2.489956252063911535e+01 0.000000000000000000e+00 1.080298078225036715e-59
2.470504055456825387e+00 2.489956252063911535e+01 0.000000000000000000e+00 9.139208288998813690e-60
2.563407409296515116e+00 2.489956252063911535e+01 0.000000000000000000e+00 7.778681606722186174e-60
2.659804395593758475e+00 2.489956252063911535e+01 0.000000000000000000e+00 6.659482140675107251e-60
2.759826392466180334e+00 2.489956252063911535e+01 0.000000000000000000e+00 5.733502637521340371e-60
2.863609718508115964e+00 2.489956252063911535e+01 0.000000000000000000e+00 4.963134609420976256e-60
2.971295818577333936e+00 2.489956252063911535e+01 0.000000000000000000e+00 4.318800744124809136e-60
3.083031456568277040e+00 2.489956252063911535e+01 0.000000000000000000e+00 3.777104912338566623e-60
3.198968915434537763e+00 2.489956252063911535e+01 0.000000000000000000e+00 3.319436535397851424e-60
3.319266204733183123e+00 2.489956252063911535e+01 0.000000000000000000e+00 2.930911347954161305e-60
3.444087275973816364e+00 2.489956252063911535e+01 0.000000000000000000e+00 2.599562754754436957e-60
3.573602246065780808e+00 2.489956252063911535e+01 0.000000000000000000e+00 2.315720982898701367e-60
3.707987629168164823e+00 2.489956252063911535e+01 0.000000000000000000e+00 2.071533786135205240e-60
3.847426577258497904e+00 2.489956252063911535e+01 0.000000000000000000e+00 1.860594446798028600e-60
3.992109129748045326e+00 2.489956252063911535e+01 0.000000000000000000e+00 1.677651555697431485e-60
4.142232472483889261e+00 2.489956252063911535e+01 0.000000000000000000e+00 1.518381451335284665e-60
4.298001206490789983e+00 2.489956252063911535e+01 0.000000000000000000e+00 1.379208917465376024e-60
4.459627626819086643e+00 2.489956252063911535e+01 0.000000000000000000e+00 1.257165234253924287e-60
4.627332011878683815e+00 2.489956252063911535e+01 0.000000000000000000e+00 1.149775283320844140e-60
4.801342923653445283e+00 2.489956252063911535e+01 0.000000000000000000e+00 1.054967358115449496e-60
4.981897519205154445e+00 2.489956252063911535e+01 0.000000000000000000e+00 9.710007999758305457e-61
5.169241873891593286e+00 2.489956252063911535e+01 0.000000000000000000e+00 8.964076915382640441e-61
5.363631316739234656e+00 2.489956252063911535e+01 0.000000000000000000e+00 8.299456840132723045e-61
5.565330778427640013e+00 2.489956252063911535e+01 0.000000000000000000e+00 7.705596801434474195e-61
5.774615152359814374e+00 2.489956252063911535e+01 0.000000000000000000e+00 7.173505897972023222e-61
5.991769669310612834e+00 2.489956252063911535e+01 0.000000000000000000e+00 6.695497567693622237e-61
6.217090286163820423e+00 2.489956252063911535e+01 0.000000000000000000e+00 6.264979507600026275e-61
6.450884089267685972e+00 2.489956252063911535e+01 0.000000000000000000e+00 5.876280481337119610e-61
6.693469712958654227e+00 2.489956252063911535e+01 0.000000000000000000e+00 5.524507043022644897e-61
6.945177773823688838e+00 2.489956252063911535e+01 0.000000000000000000e+00 5.205424610445934315e-61
7.206351321293045231e+00 2.489956252063911535e+01 0.000000000000000000e+00 4.915358425962888010e-61
7.477346305177580810e+00 2.489956252063911535e+01 0.000000000000000000e+00 4.651110816255798586e-61
7.758532060787827866e+00 2.489956252063911535e+01 0.000000000000000000e+00 4.409891854049093483e-61
8.050291812295972349e+00 2.489956252063911535e+01 0.000000000000000000e+00 4.189261075363028125e-61
8.353023195026770154e+00 2.489956252063911535e+01 0.000000000000000000e+00 3.987078345408120379e-61
8.667138797389224436e+00 2.489956252063911535e+01 0.000000000000000000e+00 3.801462318356444416e-61
8.993066723187613576e+00 2.489956252063911535e+01 0.000000000000000000e+00 3.630755219297922372e-61
9.331251175078239868e+00 2.489956252063911535e+01 0.000000000000000000e+00 3.473492904993899186e-61
9.682153059967076203e+00 2.489956252063911535e+01 0.000000000000000000e+00 3.328379344764194357e-61
1.004625061717340273e+01 2.489956252063911535e+01 0.000000000000000000e+00 3.194264812775094743e-61
1.042404007021555756e+01 2.489956252063911535e+01 0.000000000000000000e+00 3.070127205060213502e-61
1.081603630310709363e+01 2.489956252063911535e+01 0.000000000000000000e+00 2.955055994280076199e-61
1.122277356208507193e+01 2.489956252063911535e+01 0.000000000000000000e+00 2.848238416854774727e-61
1.164480618372685505e+01 2.489956252063911535e+01 0.000000000000000000e+00 2.748947554144534218e-61
1.208270935044775918e+01 2.489956252063911535e+01 0.000000000000000000e+00 2.656532024566166752e-61
1.253707987440919602e+01 2.489956252063911535e+01 0.000000000000000000e+00 2.570407049129521607e-61
1.300853701090570524e+01 2.489956252063911535e+01 0.000000000000000000e+00 2.490046690632452731e-61
1.349772330233941808e+01 2.489956252063911535e+01 0.000000000000000000e+00 2.414977098095491679e-61
1.400530545393219661e+01 2.489956252063911535e+01 0.000000000000000000e+00 2.344770614103376602e-61
1.453197524236895433e+01 2.489956252063911535e+01 0.000000000000000000e+00 2.279040624485479917e-61
1.507845045861050970e+01 2.489956252063911535e+01 0.000000000000000000e+00 2.217437047970915493e-61
1.564547588616095730e+01 2.489956252063911535e+01 0.000000000000000000e+00 2.159642378715579155e-61
1.623382431612278154e+01 2.489956252063911535e+01 0.000000000000000000e+00 2.105368207422906992e-61
1.684429760042315039e+01 2.489956252063911535e+01 0.000000000000000000e+00 2.054352157581389536e-61
1.747772774464680978e+01 2.489956252063911535e+01 0.000000000000000000e+00 2.006355182459282356e-61
1.813497804196495267e+01 2.489956252063911535e+01 0.000000000000000000e+00 1.961159176209857011e-61
1.881694424970555701e+01 2.489956252063911535e+01 0.000000000000000000e+00 1.918564858979135328e-61
1.952455581016861075e+01 2.489956252063911535e+01 0.000000000000000000e+00 1.878389901462768973e-61
2.025877711735017073e+01 2.489956252063911535e+01 0.000000000000000000e+00 1.840467259087237577e-61
2.102060883130158331e+01 2.489956252063911535e+01 0.000000000000000000e+00 1.804643690023799341e-61
2.181108924191515541e+01 2.489956252063911535e+01 0.000000000000000000e+00 1.770778434690599277e-61
2.263129568399525127e+01 2.489956252063911535e+01 0.000000000000000000e+00 1.738742037349922885e-61
2.348234600554271623e+01 2.489956252063911535e+01 0.000000000000000000e+00 1.708415292939737036e-61
2.436540009125461026e+01 2.489956252063911535e+01 0.000000000000000000e+00 1.679688304454913168e-61
2.528166144331495246e+01 2.489956252063911535e+01 0.000000000000000000e+00 1.652459638067438662e-61
2.623237882163118329e+01 2.489956252063911535e+01 0.000000000000000000e+00 1.626635564791178752e-61
2.721884794575174027e+01 2.489956252063911535e+01 0.000000000000000000e+00 1.602129378893317930e-61
2.824241326078429992e+01 2.489956252063911535e+01 0.000000000000000000e+00 1.578860784463356262e-61
2.930446976972138273e+01 2.489956252063911535e+01 0.000000000000000000e+00 1.556755342598462533e-61
3.040646493467062328e+01 2.489956252063911535e+01 0.000000000000000000e+00 1.535743972574006185e-61
3.154990064958082030e+01 2.489956252063911535e+01 0.000000000000000000e+00 1.515762501159566351e-61
3.273633528715240715e+01 2.489956252063911535e+01 0.000000000000000000e+00 1.496751254930251122e-61
3.396738582272202223e+01 2.489956252063911535e+01 0.000000000000000000e+00 1.478654691024718920e-61
3.524473003801580262e+01 2.489956252063911535e+01 0.000000000000000000e+00 1.461421062326981885e-61
3.657010880777485795e+01 2.489956252063911535e+01 0.000000000000000000e+00 1.445002113509083648e-61
3.794532847236934714e+01 2.489956252063911535e+01 0.000000000000000000e+00 1.429352804774883632e-61
3.937226329963475280e+01 2.489956252063911535e+01 0.000000000000000000e+00 1.414431060499014937e-61
4.085285803928557158e+01 2.489956252063911535e+01 0.000000000000000000e+00 1.400197540266026696e-61
4.238913057338774593e+01 2.489956252063911535e+01 0.000000000000000000e+00 1.386615430088401649e-61
4.398317466650219387e+01 2.489956252063911535e+01 0.000000000000000000e+00 1.373650251823307622e-61
4.563716281924754270e+01 2.489956252063911535e+01 0.000000000000000000e+00 1.361269689020770637e-61
4.735334922917111555e+01 2.489956252063911535e+01 0.000000000000000000e+00 1.349443427624000115e-61
4.913407286296357057e+01 2.489956252063911535e+01 0.000000000000000000e+00 1.338143010108975682e-61
5.098176064420419351e+01 2.489956252063911535e+01 0.000000000000000000e+00 1.327341701797773398e-61
5.289893076098145741e+01 2.489956252063911535e+01 0.000000000000000000e+00 1.317014368210827260e-61
5.488819609789666032e+01 2.489956252063911535e+01 0.000000000000000000e+00 1.307137362439400625e-61
5.695226779712819365e+01 2.489956252063911535e+01 0.000000000000000000e+00 1.297688421622728829e-61
5.909395895340964699e+01 2.489956252063911535e+01 0.000000000000000000e+00 1.288646571706160326e-61
6.131618844795768553e+01 2.489956252063911535e+01 0.000000000000000000e+00 1.279992039738475389e-61
6.362198492657482518e+01 2.489956252063911535e+01 0.000000000000000000e+00 1.271706173039593658e-61
6.601449092734883095e+01 2.489956252063911535e+01 0.000000000000000000e+00 1.263771364635093403e-61
6.849696716357439641e+01 2.489956252063911535e+01 0.000000000000000000e+00 1.256170984412293669e-61
7.107279696773412070e+01 2.489956252063911535e+01 0.000000000000000000e+00 1.248889315504838842e-61
7.374549090259546347e+01 2.489956252063911535e+01 0.000000000000000000e+00 1.241911495459492477e-61
7.651869154570817955e+01 2.489956252063911535e+01 0.000000000000000000e+00 1.235223461780799097e-61
7.939617845382275618e+01 2.489956252063911535e+01 0.000000000000000000e+00 1.228811901486931932e-61
8.238187331399601021e+01 2.489956252063911535e+01 0.000000000000000000e+00 1.222664204343893327e-61
8.547984528840405005e+01 2.489956252063911535e+01 0.000000000000000000e+00 1.216768419475687566e-61
8.869431656014704402e+01 2.489956252063911535e+01 0.000000000000000000e+00 1.211113215075503125e-61
9.202966808760409378e+01 2.489956252063911535e+01 0.000000000000000000e+00 1.205687840967666873e-61
9.549044557518077170e+01 2.489956252063911535e+01 0.000000000000000000e+00 1.200482093792416828e-61
9.908136566858665617e+01 2.489956252063911535e+01 0.000000000000000000e+00 1.195486284605689973e-61
1.028073223830864720e+02 2.489956252063911535e+01 0.000000000000000000e+00 1.190691208704318068e-61
1.066733937734856994e+02 2.489956252063911535e+01 0.000000000000000000e+00 1.186088117503481266e-61
1.106848488549411940e+02 2.489956252063911535e+01 0.000000000000000000e+00 1.181668692308189394e-61
1.148471547840289020e+02 2.489956252063911535e+01 0.000000000000000000e+00 1.177425019834059077e-61
1.191659843098558724e+02 2.489956252063911535e+01 0.000000000000000000e+00 1.173349569344917374e-61
1.236472235053714996e+02 2.489956252063911535e+01 0.000000000000000000e+00 1.169435171285872512e-61
1.282969797894147632e+02 2.489956252063911535e+01 0.000000000000000000e+00 1.165674997300612001e-61
1.331215902504307564e+02 2.489956252063911535e+01 0.000000000000000000e+00 1.162062541530858458e-61
1.381276302832009435e+02 2.489956252063911535e+01 0.000000000000000000e+00 1.158591603104288314e-61
1.433219225503571010e+02 2.489956252063911535e+01 0.000000000000000000e+00 1.155256269724818224e-61
1.487115462808950781e+02 2.489956252063911535e+01 0.000000000000000000e+00 1.152050902286106462e-61
1.543038469183561290e+02 2.489956252063911535e+01 0.000000000000000000e+00 1.148970120435449112e-61
1.601064461318314329e+02 2.489956252063911535e+01 0.000000000000000000e+00 1.146008789021009495e-61
1.661272522034289523e+02 2.489956252063911535e+01 0.000000000000000000e+00 1.143162005360613730e-61
1.723744708063616429e+02 2.489956252063911535e+01 0.000000000000000000e+00 1.140425087275146898e-61
1.788566161883458108e+02 2.489956252063911535e+01 0.000000000000000000e+00 1.137793561834007682e-61
1.855825227755514959e+02 2.489956252063911535e+01 0.000000000000000000e+00 1.135263154764109552e-61
1.925613572129194608e+02 2.489956252063911535e+01 0.000000000000000000e+00 1.132829780477607813e-61
1.998026308572546554e+02 2.489956252063911535e+01 0.000000000000000000e+00 1.130489532676935513e-61
2.073162127401226940e+02 2.489956252063911535e+01 0.000000000000000000e+00 1.128238675498817454e-61
2.151123430182162792e+02 2.489956252063911535e+01 0.000000000000000000e+00 1.126073635161804786e-61
2.232016469295230081e+02 2.489956252063911535e+01 0.000000000000000000e+00 1.123990992084475081e-61
2.315951492743149629e+02 2.489956252063911535e+01 0.000000000000000000e+00 1.121987473443860241e-61
2.403042894406964649e+02 2.489956252063911535e+01 0.000000000000000000e+00 1.120059946145872495e-61
2.493409369951875192e+02 2.489956252063911535e+01 0.000000000000000000e+00 1.118205410181537241e-61
2.587174078595918445e+02 2.489956252063911535e+01 0.000000000000000000e+00 1.116420992344717415e-61
2.684464810961959529e+02 2.489956252063911535e+01 0.000000000000000000e+00 1.114703940288737358e-61
2.785414163241763390e+02 2.489956252063911535e+01 0.000000000000000000e+00 1.113051616900911123e-61
2.890159717909505730e+02 2.489956252063911535e+01 0.000000000000000000e+00 1.111461494975446092e-61
2.998844231231024651e+02 2.489956252063911535e+01 0.000000000000000000e+00 1.109931152166548285e-61
3.111615827824356870e+02 2.489956252063911535e+01 0.000000000000000000e+00 1.108458266204808184e-61
3.228628202536726803e+02 2.489956252063911535e+01 0.000000000000000000e+00 1.107040610361100698e-61
3.350040829913129414e+02 2.489956252063911535e+01 0.000000000000000000e+00 1.105676049143303967e-61
3.476019181541973921e+02 2.489956252063911535e+01 0.000000000000000000e+00 1.104362534212129164e-61
3.606734951574024421e+02 2.489956252063911535e+01 0.000000000000000000e+00 1.103098100503269749e-61
3.742366290721976725e+02 2.489956252063911535e+01 0.000000000000000000e+00 1.101880862543922201e-61
3.883098049059601067e+02 2.489956252063911535e+01 0.000000000000000000e+00 1.100709010952525308e-61
4.029122027951343625e+02 2.489956252063911535e+01 0.000000000000000000e+00 1.099580809111278110e-61
4.180637241455753497e+02 2.489956252063911535e+01 0.000000000000000000e+00 1.098494590001687621e-61
4.337850187558984771e+02 2.489956252063911535e+01 0.000000000000000000e+00 1.097448753194012565e-61
4.500975129608041811e+02 2.489956252063911535e+01 0.000000000000000000e+00 1.096441761982056067e-61
4.670234388327330635e+02 2.489956252063911535e+01 0.000000000000000000e+00 1.095472140655300375e-61
4.845858644816490823e+02 2.489956252063911535e+01 0.000000000000000000e+00 1.094538471900877046e-61
5.028087254942474829e+02 2.489956252063911535e+01 0.000000000000000000e+00 1.093639394328340685e-61
5.217168575554343306e+02 2.489956252063911535e+01 0.000000000000000000e+00 1.092773600110632832e-61
5.413360302965375013e+02 2.489956252063911535e+01 0.000000000000000000e+00 1.091939832735049225e-61
5.616929824163803460e+02 2.489956252063911535e+01 0.000000000000000000e+00 1.091136884858381178e-61
5.828154581230839995e+02 2.489956252063911535e+01 0.000000000000000000e+00 1.090363596260764064e-61
6.047322449462642453e+02 2.489956252063911535e+01 0.000000000000000000e+00 1.089618851893091760e-61
6.274732129711574089e+02 2.489956252063911535e+01 0.000000000000000000e+00 1.088901580013156511e-61
6.510693555481454950e+02 2.489956252063911535e+01 0.000000000000000000e+00 1.088210750405965859e-61
6.755528315331639533e+02 2.489956252063911535e+01 0.000000000000000000e+00 1.087545372683950713e-61
7.009570091165617214e+02 2.489956252063911535e+01 0.000000000000000000e+00 1.086904494663022450e-61
7.273165113001454074e+02 2.489956252063911535e+01 0.000000000000000000e+00 1.086287200810685386e-61
7.546672630843886509e+02 2.489956252063911535e+01 0.000000000000000000e+00 1.085692610762603827e-61
7.830465404301182843e+02 2.489956252063911535e+01 0.000000000000000000e+00 1.085119877904254400e-61
8.124930210614047610e+02 2.489956252063911535e+01 0.000000000000000000e+00 1.084568188014456877e-61
8.430468371788966806e+02 2.489956252063911535e+01 0.000000000000000000e+00 1.084036757967780000e-61
8.747496301554415368e+02 2.489956252063911535e+01 0.000000000000000000e+00 1.083524834492965479e-61
9.076446072885356671e+02 2.489956252063911535e+01 0.000000000000000000e+00 1.083031692984684809e-61
9.417766006869518378e+02 2.489956252063911535e+01 0.000000000000000000e+00 1.082556636366080741e-61
9.771921283717977076e+02 2.489956252063911535e+01 0.000000000000000000e+00 1.082098993999687178e-61
1.013939457675289646e+03 2.489956252063911535e+01 0.000000000000000000e+00 1.081658120644452403e-61
1.052068671023620709e+03 2.489956252063911535e+01 0.000000000000000000e+00 1.081233395456705028e-61
1.091631734193612601e+03 2.489956252063911535e+01 0.000000000000000000e+00 1.080824221033025045e-61
1.132682567136151420e+03 2.489956252063911535e+01 0.000000000000000000e+00 1.080430022493082732e-61
1.175277117462942670e+03 2.489956252063911535e+01 0.000000000000000000e+00 1.080050246600611935e-61
1.219473436696735689e+03 2.489956252063911535e+01 0.000000000000000000e+00 1.079684360920778925e-61
1.265331759388940327e+03 2.489956252063911535e+01 0.000000000000000000e+00 1.079331853012297507e-61
1.312914585212462725e+03 2.489956252063911535e+01 0.000000000000000000e+00 1.078992229652724628e-61
1.362286764141643971e+03 2.489956252063911535e+01 0.000000000000000000e+00 1.078665016095448993e-61
1.413515584835392701e+03 2.489956252063911535e+01 0.000000000000000000e+00 1.078349755356964315e-61
1.466670866343965599e+03 2.489956252063911535e+01 0.000000000000000000e+00 1.078046007533081668e-61
1.521825053264383996e+03 2.489956252063911535e+01 0.000000000000000000e+00 1.077753349142810573e-61
1.579053314474172566e+03 2.489956252063911535e+01 0.000000000000000000e+00 1.077471372498692836e-61
1.638433645577981451e+03 2.489956252063911535e+01 0.000000000000000000e+00 1.077199685102441230e-61
1.700046975206714706e+03 2.489956252063911535e+01 0.000000000000000000e+00 1.076937909064781038e-61
1.763977275314041663e+03 2.489956252063911535e+01 0.000000000000000000e+00 1.076685680548454313e-61
1.830311675620609321e+03 2.489956252063911535e+01 0.000000000000000000e+00 1.076442649233392325e-61
1.899140582361931592e+03 2.489956252063911535e+01 0.000000000000000000e+00 1.076208477803106381e-61
1.970557801501796348e+03 2.489956252063911535e+01 0.000000000000000000e+00 1.075982841451401449e-61
2.044660666579113467e+03 2.489956252063911535e+01 0.000000000000000000e+00 1.075765427408546551e-61
2.121550171362448054e+03 2.489956252063911535e+01 0.000000000000000000e+00 1.075555934486086503e-61
2.201331107493027957e+03 2.489956252063911535e+01 0.000000000000000000e+00 1.075354072639511174e-61
2.284112207303820924e+03 2.489956252063911535e+01 0.000000000000000000e+00 1.075159562548039730e-61
2.370006292009325534e+03 2.489956252063911535e+01 0.000000000000000000e+00 1.074972135210805659e-61
2.459130425468041267e+03 2.489956252063911535e+01 0.000000000000000000e+00 1.074791531558765322e-61
2.551606073727180956e+03 2.489956252063911535e+01 0.000000000000000000e+00 1.074617502081680752e-61
2.647559270567063777e+03 2.489956252063911535e+01 0.000000000000000000e+00 1.074449806469558726e-61
2.747120789270808928e+03 2.489956252063911535e+01 0.000000000000000000e+00 1.074288213267955365e-61
2.850426320853431662e+03 2.489956252063911535e+01 0.000000000000000000e+00 1.074132499546577848e-61
2.957616658993250439e+03 2.489956252063911535e+01 0.000000000000000000e+00 1.073982450580647965e-61
3.068837891917639354e+03 2.489956252063911535e+01 0.000000000000000000e+00 1.073837859544506919e-61
3.184241601504649680e+03 2.489956252063911535e+01 0.000000000000000000e+00 1.073698527216972573e-61
3.303985069871854648e+03 2.489956252063911535e+01 0.000000000000000000e+00 1.073564261697969659e-61
3.428231493733967000e+03 2.489956252063911535e+01 0.000000000000000000e+00 1.073434878135990609e-61
3.557150206821382199e+03 2.489956252063911535e+01 0.000000000000000000e+00 1.073310198465945521e-61
3.690916910662774626e+03 2.489956252063911535e+01 0.000000000000000000e+00 1.073190051156995018e-61
3.829713914046276841e+03 2.489956252063911535e+01 0.000000000000000000e+00 1.073074270969964594e-61
3.973730381485604084e+03 2.489956252063911535e+01 0.000000000000000000e+00 1.072962698723964938e-61
4.123162591029748000e+03 2.489956252063911535e+01 0.000000000000000000e+00 1.072855181071852933e-61
4.278214201767612394e+03 2.489956252063911535e+01 0.000000000000000000e+00 1.072751570284185638e-61
4.439096531392166071e+03 2.489956252063911535e+01 0.000000000000000000e+00 1.072651724041335275e-61
4.606028844202398432e+03 2.489956252063911535e+01 0.000000000000000000e+00 1.072555505233444645e-61
4.779238649935595276e+03 2.489956252063911535e+01 0.000000000000000000e+00 1.072462781767915880e-61
4.958962013837211998e+03 2.489956252063911535e+01 0.000000000000000000e+00 1.072373426384143207e-61
5.145443878390924510e+03 2.489956252063911535e+01 0.000000000000000000e+00 1.072287316475201805e-61
5.338938397147349860e+03 2.489956252063911535e+01 0.000000000000000000e+00 1.072204333916230553e-61
5.539709281106400340e+03 2.489956252063911535e+01 0.000000000000000000e+00 1.072124364899242855e-61
5.748030158125350681e+03 2.489956252063911535e+01 0.000000000000000000e+00 1.072047299774121818e-61
5.964184945842459456e+03 2.489956252063911535e+01 0.000000000000000000e+00 1.071973032895560579e-61
6.188468238624383048e+03 2.489956252063911535e+01 0.000000000000000000e+00 1.071901462475719071e-61
6.421185709064744515e+03 2.489956252063911535e+01 0.000000000000000000e+00 1.071832490442377210e-61
6.662654524581135774e+03 2.489956252063911535e+01 0.000000000000000000e+00 1.071766022302375123e-61
6.913203779678113278e+03 2.489956252063911535e+01 0.000000000000000000e+00 1.071701967010138547e-61
7.173174944465597946e+03 2.489956252063911535e+01 0.000000000000000000e+00 1.071640236841094180e-61
7.442922330043742477e+03 2.489956252063911535e+01 0.000000000000000000e+00 1.071580747269790374e-61
7.722813571388626769e+03 2.489956252063911535e+01 0.000000000000000000e+00 1.071523416852541968e-61
8.013230128396869986e+03 2.489956252063911535e+01 0.000000000000000000e+00 1.071468167114430340e-61
8.314567805772046995e+03 2.489956252063911535e+01 0.000000000000000000e+00 1.071414922440492864e-61
8.627237292461433753e+03 2.489956252063911535e+01 0.000000000000000000e+00 1.071363609970939933e-61
8.951664721378283502e+03 2.489956252063911535e+01 0.000000000000000000e+00 1.071314159500253593e-61
9.288292250172480635e+03 2.489956252063911535e+01 0.000000000000000000e+00 1.071266503380015790e-61
9.637578663841070011e+03 2.489956252063911535e+01 0.000000000000000000e+00 1.071220576425327540e-61
1.000000000000000000e+04 2.489956252063911535e+01 0.000000000000000000e+00 1.071176315824686712e-61
