# Delta chi2_r = chi2(OU_r) - chi2(LCDM), pp, theta0.001_Delta0.05, sigma_X=2.506316e-02, H0 re-solved for theta_*; NaN = failure (see fallos_theta0.001_Delta0.05.json)
-1.099895962688890449e-03
-2.796523096856518009e-03
2.393401458013144634e-03
-6.168868684923722867e-04
-7.368270365315510162e-04
-1.403443399654591417e-03
-5.949077042366468504e-04
1.169513197343263755e-04
-6.426617122201605525e-04
1.581188947017864166e-03
-8.556293257058200652e-04
-1.325247848456001520e-03
2.079725562277090489e-03
-5.117875902165280877e-04
-1.243646036055423565e-03
2.142297149033467463e-03
9.690031643039276332e-04
-1.439549862642053313e-03
-8.488274079798685534e-04
-2.636623450557706860e-03
-6.950312396085678301e-04
-2.607153783035442984e-03
-1.082338825428408313e-03
-8.180646334867702762e-04
-5.219727371823523754e-04
1.142786183047306281e-03
1.284114489230603340e-05
7.277255589670517111e-04
2.586252029431079791e-03
-1.715910291153477374e-03
1.331208550032769722e-03
-8.549004577869112609e-04
3.559400949484370358e-04
1.280376489365409043e-04
-2.294462295839849730e-04
1.063152643149933851e-03
1.141626257137318134e-04
3.881542146011440764e-04
1.181652630748430965e-03
-2.166420685282943737e-03
1.531202738327408497e-04
-1.924416190879796318e-03
1.753723555152575386e-03
2.356601046473727479e-03
1.792376750843871491e-03
-3.181606894138155894e-04
1.171016425949744644e-03
1.820719537800385979e-03
-2.797960484540951143e-03
-1.890534210582828223e-03
-7.457865726419043995e-04
-2.243707628272417764e-03
1.317607180325808258e-03
-1.398330084763088621e-03
-1.029121180007308567e-04
-2.219111457771205664e-03
5.417855674405558375e-04
6.460401689931671854e-04
-1.928171936810940679e-03
5.858168591785783974e-04
-2.215345935967505397e-03
1.998027749543496157e-04
3.537401996389633041e-04
-3.873348207257265585e-04
1.177365043680822509e-04
-2.964747233974662777e-03
-8.864881323056295059e-04
1.427047258209412917e-03
-2.991024634777517122e-04
5.135276407965960743e-04
-6.613614973591808166e-04
3.126176952452652813e-04
-1.276557272475997706e-04
1.517198352923188054e-03
2.282217498171590364e-03
-1.042146371826646600e-03
-1.030864382414620195e-03
-1.885827882475155093e-03
4.769651046476752754e-04
-1.422422547905810575e-03
9.053284859419363784e-04
-1.438117337512423433e-03
-1.888133666311020420e-03
-3.901326116135805933e-04
4.472443692193905918e-04
-1.955292283446041779e-03
-1.152500833665470736e-03
-1.260619786018324362e-03
1.033987552473192295e-03
-1.220668385569112502e-03
-1.248537785480507978e-03
-2.824061553955203863e-03
-7.400885143002966515e-04
-2.168912065323880256e-03
-7.250740778204090020e-04
1.198573431516081200e-03
-4.916379448189900359e-04
3.167932433111531054e-03
-1.317963440744307491e-03
-4.187221680460595508e-04
4.005883269950771819e-04
6.167330632020906478e-04
-2.371178529323003659e-03
-4.841679531804032877e-04
-3.561836070584689651e-04
-2.529840528225690832e-03
2.370081157234693592e-04
8.978682675611082686e-04
1.427246906406054450e-03
1.805137924781874403e-03
1.737338104893737523e-03
-1.806134372014156497e-03
-1.337238257978157208e-03
-1.231071740873446174e-03
-1.594967563853799675e-03
-1.162225900502633635e-03
-3.630864471482198041e-05
2.188800112358890715e-03
5.579765221543908638e-04
-3.816860999368287821e-04
5.918062776704147154e-04
1.547434261418345613e-03
1.662965699576801626e-03
2.150190003217034018e-03
1.960782907389102547e-03
-3.461891574456643639e-04
4.793170238421851082e-04
-1.622956121346774694e-03
-1.724251214634264784e-03
-2.598114114032767930e-03
-3.874137011274925158e-03
-1.035243024416487856e-03
-9.652801803436972250e-04
1.068279167432351073e-03
-7.821526737217254777e-05
-3.431217959999344203e-03
2.577454620791286288e-04
1.015419093683078700e-03
2.171826092553175158e-03
8.305726788648826187e-04
1.028517068368373089e-03
-3.009711103079126815e-04
1.943243830440977149e-03
-9.053913664658352900e-04
1.186156309302077716e-03
-1.541029542357463811e-03
-8.244243366739567591e-05
4.766900991928224585e-04
-5.041928459164068954e-04
-2.437598033804277975e-04
1.734318664345479988e-03
-2.631962017183298030e-04
1.107823533615714950e-03
7.953998417065122339e-05
1.142102817652812519e-05
-1.472711100836576747e-03
2.500251040869372332e-03
-6.459038995298982400e-04
1.180955370353231615e-03
-7.719393412290997958e-04
1.261975336266374370e-04
1.622671150494525705e-03
2.505040712419415172e-03
-2.372252929792040277e-04
-1.567717131095491823e-03
-1.418589210949505741e-03
-1.443058021141752079e-03
2.163082947918226751e-03
1.392336313621456156e-05
7.457950368401355945e-04
1.926745189134493330e-03
2.491700174683586511e-03
-5.096827422121918971e-04
1.142049178078252680e-03
1.885593875794455698e-04
1.230693822495965151e-04
1.928078210822192773e-03
-2.609335412307345337e-03
9.120490151843796411e-04
2.090128651847322772e-03
-4.004583508852022078e-04
-1.925761165422201771e-03
5.555474874014976194e-04
1.540397848675212344e-03
1.833648153404254799e-04
2.736658496269583907e-03
3.770296168442044404e-03
2.111462473681768870e-04
1.407556571791701572e-03
-2.426933979380763162e-03
4.310304867516379090e-04
-2.665318014312134665e-04
-1.888617902956468697e-05
7.692932668845742228e-04
-1.597206082202262678e-03
-1.693269111175510488e-03
1.127878889848332733e-03
-6.691987461397985726e-04
-4.910236658961508738e-04
-2.187558903521846787e-03
