# Delta chi2_r = chi2(OU_r) - chi2(LCDM), TT, theta0.001_Delta0.05, sigma_X=1.356676e-02, H0 re-solved for theta_*; NaN = failure (see fallos_theta0.001_Delta0.05.json)
-7.187942378337197624e-04
-2.030242241058743957e-03
8.845495076243992116e-04
-4.155671598589094629e-04
-7.531582036541806247e-04
-5.658258495522261455e-04
1.502906271930726234e-04
-3.559107968413854906e-04
-6.008504202092979085e-04
5.749821015008649283e-04
-1.600804381752141126e-03
-4.667163854783495935e-04
7.838056454403385942e-04
2.692105656763033039e-04
-5.408357731369051180e-04
1.548342368803190539e-03
6.802829218095496344e-04
-8.957063999339709426e-04
-2.745663061283210027e-04
-2.179249770403401953e-03
-5.827604125272500823e-04
-6.712077533705951282e-04
-5.666517263378523239e-04
-5.194955699039383035e-05
-3.482789461699553613e-04
5.728107738285359574e-04
-5.488549551202481780e-05
3.185702343415641735e-04
7.742907499981299679e-04
-6.946947075192611010e-04
1.081026909162119409e-04
1.451977786004476911e-05
3.247135513753107716e-04
6.526008952789652540e-05
-8.249199670729012723e-05
2.452174301410536827e-04
-6.799444195948467495e-05
-8.545103455048774777e-06
5.283453133486659681e-04
-1.292052542954280625e-03
2.760256729281707067e-04
-1.477113452338585375e-03
1.395732395032212025e-03
9.293795219242895200e-04
7.375131183735561535e-04
-4.507859524593982314e-04
8.228276737369810689e-04
1.207916601902780940e-03
-1.558518396290509145e-03
-1.320481643453774723e-03
-3.143392958087076750e-04
-1.008474706765127848e-03
5.689841452038990610e-04
-6.647471435705654130e-04
1.838256701098828216e-04
-9.317851647523411884e-04
2.190956009897604417e-04
4.892942989869197845e-04
-1.232129302401574478e-03
4.763106778362669047e-04
-1.213474949832260563e-03
9.914510777164764477e-05
1.801717626968013519e-04
-7.713508118030176774e-04
2.822482257940350792e-04
-1.792275692380940200e-03
-5.932084146387239798e-04
1.486947457639331560e-03
-2.216521249494007861e-04
1.689794374541975230e-04
-3.742640466342095351e-04
-5.989110404058806125e-05
-1.875088282332626477e-05
8.507995751685371033e-04
1.001280286626382576e-03
-7.426191751491728610e-04
-2.144621817379288586e-04
-1.023690413646249908e-03
7.977333148296850140e-04
-1.022568182794003633e-03
6.949435500587242132e-04
-9.788264940020496852e-04
-6.719344677357241835e-04
-4.673557454211163531e-04
-3.731352999061243736e-04
-8.525093756581725302e-04
-1.229746837658751701e-04
-7.538782833798052252e-04
6.207366163231142764e-04
-8.132985547000259885e-04
-5.123324174363119710e-04
-1.347128164866262523e-03
-2.284367175739987488e-04
-1.257866647502936530e-03
-3.317689519306554757e-04
2.869926943205314274e-04
-2.275351768368238936e-04
1.534994531709799048e-03
-6.700705235331838594e-04
-2.980489861315049893e-05
-2.619273708717173577e-04
-1.631960766275142305e-04
-1.037173265089563756e-03
-2.663095978832075161e-04
-2.764900870388942167e-04
-1.725210519175846002e-03
2.780379032358837321e-04
6.315872332436356373e-04
1.189615326413928642e-03
8.385124774115126911e-04
1.266482627613640943e-03
-7.548587241643645029e-04
-8.013266106381422560e-04
-1.068649231029894509e-03
-9.013403627591287659e-04
-7.267059385362983903e-04
1.824783520518735713e-04
1.356560270476592223e-03
1.017499885730188680e-03
-5.583410204579308811e-04
1.312254658643041694e-04
7.529296503641091931e-04
1.152346965678674451e-03
7.236422159344613192e-04
7.811083374988925243e-04
3.490855441015128235e-04
2.018359049671403227e-05
-8.246559827220778516e-04
-4.939406209274466164e-04
-1.754465590849463297e-03
-2.180876811245013869e-03
-9.892846569954372171e-04
-1.245531196921945138e-03
3.825394038159402044e-05
2.618951774024935730e-04
-2.733922083599793496e-03
5.033508748262249810e-04
9.159145431780757463e-04
9.145817208562334599e-04
6.548565777713122316e-04
1.039858831614282053e-03
-2.965954991758223969e-04
1.217520437922559040e-03
-3.087160392603038872e-04
1.062123904834066934e-03
-4.263330519975738753e-04
-4.270769497480841892e-04
1.020048665079542616e-03
-7.535989213991456381e-05
2.255528650714211381e-04
8.195605974172792685e-04
-7.850995894997936375e-05
1.462490190071719098e-04
1.195938780647054500e-04
1.351420617403675806e-04
-7.438760630122942530e-04
1.568332000186245523e-03
-3.137984088255052484e-04
1.122555422327309316e-03
-9.888503325683473122e-05
-1.271192954384048335e-04
1.091226729226235648e-03
1.361031625712882942e-03
-2.253103688509838776e-04
-4.292183314120734394e-04
-6.456005854467150584e-04
-9.408613390000652998e-04
1.567521565100093994e-03
6.583791106962166850e-04
5.362789747245244598e-04
1.436379711169166740e-03
1.765269082987686033e-03
-6.327380140689342625e-04
1.226205226728893649e-03
-2.368104327388209640e-05
-4.486984518550229950e-04
7.021798650193034064e-04
-1.498942867183217231e-03
1.787511779305361870e-04
7.934740505000092980e-04
-4.438779395385950011e-04
-7.904485512959524840e-04
3.917273059919068601e-04
8.928917013584225515e-04
-3.556347168753859478e-05
1.816302758502530423e-03
2.136408343808682275e-03
-6.893828052447759092e-04
7.728401544184748673e-04
-1.622380465729378329e-03
-2.128970136574537264e-04
-2.393439384462681119e-04
9.907409097564823242e-06
3.121085470922935201e-04
-7.693949274809597227e-04
-9.723991939480924884e-04
8.630776721965105480e-04
-7.643685519660436967e-04
-5.833474109628866699e-04
-7.285198882200916159e-04
