# Delta chi2_r = chi2(OU_r) - chi2(LCDM), pp, theta0.001_Delta0.05, sigma_X=1.356676e-02, H0 re-solved for theta_*; NaN = failure (see fallos_theta0.001_Delta0.05.json)
-5.956094834260738935e-04
-1.515512685040576457e-03
1.291356011623889799e-03
-3.345351135060070646e-04
-3.985806376576306320e-04
-7.603627548693481231e-04
-3.225737214709312184e-04
6.213874933713725568e-05
-3.480430892501829021e-04
8.551370298004457027e-04
-4.628038008931412151e-04
-7.179127313481359351e-04
1.123386228652378804e-03
-2.770551497679463182e-04
-6.741073215916770778e-04
1.159029201854622215e-03
5.235872552287190729e-04
-7.800013193346444496e-04
-4.599234802231677577e-04
-1.427548651179222361e-03
-3.761266061914625425e-04
-1.414221666706794167e-03
-5.864945464928439378e-04
-4.433692309433467926e-04
-2.828493595181669207e-04
6.181902487014667713e-04
7.000880104968132400e-06
3.937649361311912344e-04
1.395263107657029877e-03
-9.311674655378965326e-04
7.198429235408809745e-04
-4.648053995399692440e-04
1.923253195741381205e-04
6.935670016083861356e-05
-1.242049856902127658e-04
5.738847912279965158e-04
6.145157468928630351e-05
2.097631594342175276e-04
6.391678183668147994e-04
-1.173491127961057146e-03
8.278306134990032206e-05
-1.044096800050908769e-03
9.487594724060244289e-04
1.273986489568557090e-03
9.687693405453501327e-04
-1.724932314495219998e-04
6.336470959151796478e-04
9.853564593456098919e-04
-1.517823229422177178e-03
-1.024152418905188711e-03
-4.039989686024370030e-04
-1.217091090566668754e-03
7.124299243521647895e-04
-7.574974484025887023e-04
-5.567653633065106078e-05
-1.204383207895176611e-03
2.929793914070444316e-04
3.491693035204690432e-04
-1.044250657155743056e-03
3.167613020060855433e-04
-1.202176622960848817e-03
1.079771643421878480e-04
1.910930000601496204e-04
-2.094661671421249594e-04
6.330132443643776696e-05
-1.606955287074995908e-03
-4.798371401744105924e-04
7.712803262247547309e-04
-1.620101907082727166e-04
2.773820191404041680e-04
-3.582899016567608896e-04
1.682429180256406198e-04
-6.925865343454518097e-05
8.207491232923302960e-04
1.233849444163936937e-03
-5.643223968831989623e-04
-5.590237958550403619e-04
-1.021317368127938607e-03
2.579400678346388531e-04
-7.699324357872683322e-04
4.879775056227941832e-04
-7.786899087243170925e-04
-1.023713660490699340e-03
-2.112095426856086533e-04
2.417537294778782098e-04
-1.060429845637145263e-03
-6.251747070944446705e-04
-6.851454428957737264e-04
5.596819858055823715e-04
-6.611924248947076421e-04
-6.766995937343978085e-04
-1.535166497246720496e-03
-4.013813001062516150e-04
-1.174780361871796686e-03
-3.926744507491974900e-04
6.481484565856732161e-04
-2.677537369120130961e-04
1.707088291537317559e-03
-7.136741672812974002e-04
-2.267306851297945514e-04
2.167242036179573006e-04
3.333100350708662063e-04
-1.286199486091987865e-03
-2.622520868751365697e-04
-1.928605524561533002e-04
-1.369950203589098692e-03
1.277927603346995511e-04
4.859257832166008484e-04
7.715314920258009579e-04
9.760901550777134617e-04
9.397057673350417417e-04
-9.785592618509753038e-04
-7.246420494873007101e-04
-6.670295416828508905e-04
-8.640331100888687388e-04
-6.294428229232096328e-04
-2.097777131560008002e-05
1.184104853322764939e-03
3.020776030986382921e-04
-2.071031752102214796e-04
3.202041972425462291e-04
8.369275991206848175e-04
8.987536195945722284e-04
1.162323827140099297e-03
1.060221186596876919e-03
-1.879711914156700914e-04
2.574201673777309907e-04
-8.796295162767364673e-04
-9.346084488655037603e-04
-1.407623972093929865e-03
-2.099873037879618209e-03
-5.620274217292831054e-04
-5.235565457368807074e-04
5.767366798359319091e-04
-4.265696068195268253e-05
-1.861292552115756394e-03
1.381782889122717961e-04
5.486940994110511838e-04
1.174477980960375589e-03
4.494922426125924630e-04
5.568538255751320776e-04
-1.626721820819909681e-04
1.049814104591817454e-03
-4.907280013188852763e-04
6.382393685484544221e-04
-8.351157377326501319e-04
-4.548149351712993393e-05
2.576222619197210406e-04
-2.738671168813766599e-04
-1.318315906484457400e-04
9.374096629795047875e-04
-1.424134678931210374e-04
5.987228051314019694e-04
4.293157236112676856e-05
5.983805564824251633e-06
-7.980952070081315242e-04
1.352820740734728133e-03
-3.499235975699122037e-04
6.392092111795477649e-04
-4.182077719274701622e-04
6.812104367348581491e-05
8.777681510068191528e-04
1.353449896031477806e-03
-1.283143691654942131e-04
-8.507049925352561104e-04
-7.683695298066339774e-04
-7.817167260633084425e-04
1.168948996324914447e-03
7.457456414172725090e-06
4.026613849017479652e-04
1.042507537579950849e-03
1.346633516639883510e-03
-2.764947602376111035e-04
6.181373138822721103e-04
1.020878812862946461e-04
6.529596170778972919e-05
1.042251100775715145e-03
-1.414057422444159329e-03
4.931463216379938785e-04
1.130144094698692925e-03
-2.168616962787695002e-04
-1.043190780004366047e-03
3.006805263048306642e-04
8.334990278395792984e-04
9.852438883584113682e-05
1.480397717481096720e-03
2.035966435718350453e-03
1.139422021356750747e-04
7.606049633928080311e-04
-1.314956209098383511e-03
2.329212818725778789e-04
-1.440946912527607537e-04
-1.041713558791457217e-05
4.160069796110832385e-04
-8.659660192851248439e-04
-9.167334842477004031e-04
6.097746611857246535e-04
-3.621657810821687917e-04
-2.657828330150380225e-04
-1.185709613226393344e-03
