# Delta chi2_r = chi2(OU_r) - chi2(LCDM), TT, theta1_Delta0.05, sigma_X=1.356676e-02, H0 re-solved for theta_*; NaN = failure (see fallos_theta1_Delta0.05.json)
-1.673024692216174003e-02
-5.222754828162834428e-02
-5.141432929882228109e-03
-5.115577649153379980e-03
-2.975107327481651964e-02
1.200613599365851769e-04
2.522985426969270861e-02
-4.151432390525400251e-03
-1.981969887969015076e-02
5.483949660707310159e-04
-7.113302086803230395e-02
4.649163149696988739e-03
-5.614102743148663421e-03
1.872003223927265481e-02
-1.417833065719520391e-03
3.580595289167121109e-02
1.423550919799154713e-02
-2.197495769290114254e-02
-4.913273455237288090e-03
-7.034337458546602306e-02
-6.386140414093688378e-03
1.156612417884161914e-02
-6.355665136073440635e-03
-8.630580910562457575e-04
6.531615377198818351e-04
1.329591509484728817e-02
-7.951430023680927661e-03
-1.267993082876728295e-03
-1.660780195770072964e-02
-1.604077911714441029e-02
-1.897735956611512620e-02
2.121211759461871793e-02
1.186270623652063705e-02
-5.226966438382163460e-03
-3.690360109658286092e-03
-1.486945119136251492e-02
-8.325254464295994694e-03
-9.069924593223532838e-03
1.205012533322147306e-02
-2.675518157345990744e-02
1.111231390116529383e-02
-3.384403738126806616e-02
3.365538033194326317e-02
8.835567469461125256e-03
1.135587370287183262e-02
-2.354200462846023356e-02
2.466808901650097141e-02
2.785999237232772430e-02
-2.523344104296754153e-02
-3.698343778333423870e-02
-3.910554864059889724e-03
-6.483738595992605269e-03
6.327616289873105870e-03
-2.875181908997603841e-03
6.034920187968140226e-03
-1.157626041603521116e-03
5.633106529380427219e-03
9.753110065958026098e-03
-3.759953648395253367e-02
9.176263654737226716e-03
-1.103574531603257469e-02
-2.332786261344921286e-03
-1.113100989020310294e-02
-4.093674877546149560e-02
4.596845725874487698e-03
-3.030055434119915958e-02
-1.569470668726680174e-02
4.002722352696963526e-02
-4.750797188748379085e-03
-6.150418765827225798e-03
7.829726144343851502e-03
-4.725112855989976879e-03
6.954556554465085583e-03
1.615987639727478609e-02
1.450797665329162101e-02
-1.702352493585834736e-02
-3.559962006924877187e-04
-1.864985422474774168e-02
2.959374066404762971e-02
-3.028667183627220538e-02
9.142561273815630329e-03
-2.894765795377551854e-02
7.353589895632950402e-03
-9.733682017490252747e-03
-2.425104829313440291e-02
-3.692295262471390060e-03
2.567317528291823692e-02
-1.103368047981945210e-03
1.675338438952778120e-02
-2.483071997719221713e-02
2.360162809505794712e-03
-1.012647547376133161e-02
1.870508775340695706e-02
-3.164878233875612068e-02
-8.654422381251691831e-03
-9.812550633903072139e-03
1.704862812962915086e-02
5.375824994626299258e-03
-2.424821798686238594e-02
1.418556512447821660e-02
-2.473263076173637387e-02
-1.913336199430659690e-02
-1.155228536937613626e-04
-1.253533222346447928e-03
3.384248936946221420e-04
-5.037134684875965718e-02
1.163690443603115909e-02
1.426261457978483804e-02
2.991852495395264100e-02
8.281904809262385925e-03
3.418640704673947539e-02
-9.406505591595504256e-03
-3.314938586689208933e-02
-2.810804731823779434e-02
-2.029684396538300462e-02
-2.173969306250711497e-02
-3.135744439067167377e-03
3.393288777169445325e-02
4.696100173598694028e-02
-1.336165724744020622e-02
-3.324904078713331046e-03
3.873354671586781706e-03
1.854564794406954320e-02
-1.642781248381908199e-03
1.118362392888627710e-02
2.488525355556348018e-02
-1.976499154050515017e-02
-4.280612790704907411e-03
7.632247670350977842e-03
-3.167711486889501771e-02
-4.340667241750395533e-02
-3.122807505031843789e-02
-4.335767682081126395e-02
-9.618911730171930685e-03
2.132675314719634230e-02
-6.661423203533090032e-02
2.203034956382055043e-02
1.849564479505971804e-02
1.790411916524803360e-02
2.435663694483736208e-02
3.329148867838327419e-02
-7.519362358724634987e-03
1.722247206300764333e-02
5.209234959334452242e-03
1.993312290820981048e-02
1.129420505627365401e-03
-1.849457793607456324e-02
4.059352242456171211e-02
6.721773579126733011e-03
1.845276546658780603e-02
-2.880708648014262963e-03
-1.138668045879143165e-03
-1.426938384634013346e-02
1.143193429535571681e-02
7.347314564249529667e-03
-8.013267061688367221e-03
3.711536570855500372e-02
-9.509830756250892136e-03
3.567492080948397870e-02
-2.826309744374810862e-03
-5.410738353994304362e-03
2.355999726173152453e-02
1.047686114033297144e-02
-9.974578271183531797e-04
9.490409752430650769e-03
-1.729213865789347437e-02
-2.698349616474970958e-02
3.752133753492614687e-02
3.470622169645665167e-02
1.268209027256617105e-02
3.904459648222413648e-02
3.823467889496257044e-02
-1.840791254845086655e-02
3.207194257661427628e-02
-7.512143808231286357e-03
-1.944460231289113494e-02
-5.003129114957260981e-03
-3.791063883632972420e-02
4.979086524411258097e-03
5.831022009733288769e-03
-1.182983026778217095e-02
-1.419271321392301388e-03
6.312835978548037019e-03
1.574815743748558816e-02
-4.378079138742663190e-03
3.915429109089529902e-02
3.012782200082142481e-02
-3.456980693683320283e-02
-6.089108811835330926e-04
-5.779594362952167330e-02
-2.406247065878375224e-02
-1.227518796824256242e-02
-7.870270925778299898e-04
1.016650332353563613e-02
7.858440040671155202e-04
-2.364402465651238572e-02
2.209474218571116921e-02
-3.331592752403977897e-02
-1.804569066474570604e-02
8.440542588719068817e-03
