# Delta chi2_r = chi2(OU_r) - chi2(LCDM), pp, theta1_Delta0.05, sigma_X=1.356676e-02, H0 re-solved for theta_*; NaN = failure (see fallos_theta1_Delta0.05.json)
-1.426997183276057513e-02
-4.143832034107397533e-02
9.463629523557059997e-03
-3.362192778540773475e-03
-2.381570623057172043e-02
-3.845584123634893103e-03
1.876563410015741340e-02
1.427386362491667171e-02
-1.447751018353748975e-02
9.538146035017902591e-03
-4.223179151876621518e-02
1.719209654099884688e-03
2.400271416323818130e-03
1.841226770171289218e-03
-5.984359083676338287e-03
2.626807430619493289e-02
1.291412884621401247e-02
-2.414621526932236861e-02
-1.575704738947081296e-02
-5.282186609386130272e-02
3.425987255479157056e-03
-1.215028805789053479e-02
-8.524996080620184102e-03
-1.793251032702691816e-02
7.656844055722089593e-03
1.700019343239667080e-02
-8.148554167291877093e-03
-2.390364066664929510e-03
2.518607726168298200e-03
-2.281664828609741846e-02
-2.013965524882976865e-03
7.657520051537858308e-03
1.154373968234878589e-02
-8.170005190455853494e-03
-6.371621148741013485e-03
-5.554588852566766377e-03
-5.552602092040004322e-03
-1.596685783635365397e-03
1.876529225980760884e-02
-2.551184795652439163e-02
8.434594486839586125e-03
-2.340524173635749605e-02
2.150317426171177715e-02
2.120721588561913507e-02
2.047240011590822917e-02
-1.821880247691254340e-02
2.312755419283085700e-02
2.312388867214743016e-02
-2.733553209438532861e-02
-3.440306099151158037e-02
-8.868456871962138166e-03
-1.429449488376732802e-02
1.335410601867437208e-02
-3.499691829164319756e-03
-3.087947843509297741e-03
-1.023417225550637966e-02
8.216022946047729647e-03
6.790634156011776668e-03
-3.671721288333706923e-02
4.604480786182918450e-03
-9.719316539285927092e-03
-4.173355142230050774e-03
-1.746099591471583778e-02
-2.931656333266019487e-02
-3.579596229098314097e-03
-2.534798167579488393e-02
-1.485534465754767552e-02
2.178540497631864525e-02
-3.904132942246008042e-03
-3.171078643669389407e-03
1.633370828829150412e-02
1.013633526319779321e-03
6.932013601414155346e-03
1.598431169155567488e-02
2.851116610000126173e-02
-1.218944518430475910e-02
-1.050393081159484154e-02
-1.978181285896596364e-02
1.756346173559286683e-02
-2.537670630210975276e-02
4.898724909983442899e-03
-2.681319022132733210e-02
-1.197365438367015145e-03
4.424540469720739111e-04
-6.527640373786169903e-03
-1.045046485401535108e-02
1.657790190494168314e-02
3.954271643939577530e-03
1.875569613767602561e-02
-2.639393949248081128e-02
-2.524242597559123169e-04
-1.824060646030289945e-02
2.282319588002934552e-02
-3.465069090655781281e-02
-1.157264947950054079e-02
-1.641973302033861160e-03
2.249042222592301243e-02
1.330969988250352287e-02
-3.295969233580819946e-02
1.339837672204069463e-02
-1.292082945631456425e-02
-6.363314751567372696e-03
-6.618295735366430677e-03
-8.239195142643040981e-04
6.582428694150266324e-03
-4.576912414853140376e-02
6.553829781074327343e-03
9.342613238047192681e-03
2.379986156359947813e-02
1.319684589002001474e-02
2.708124323379834664e-02
-1.766855286435564665e-02
-3.786900298897677430e-02
-1.952455062326130530e-02
-1.893413896819140518e-02
-2.400967616085303291e-02
-1.084717572526194829e-02
3.303947193047562791e-02
3.407428676162993497e-02
-2.067353977087904582e-03
1.532258168866817982e-03
5.240745942138858027e-03
1.073670203144772017e-02
1.108410352616218120e-02
2.255358408871899201e-02
9.787823695582176242e-03
-1.417421483470171495e-02
-3.086079401922958709e-03
-5.179206364656963046e-03
-1.830077413640296413e-02
-4.418552366879424653e-02
-2.284811874067038673e-02
-2.545278927577854233e-02
6.902692868322901631e-03
1.704660933644319698e-02
-4.222125112082153464e-02
2.042419003193174376e-02
8.659668245472929016e-03
3.286158146321405127e-02
2.262035957960328858e-02
2.196848856454636234e-02
-1.120578730272825396e-03
1.396544359761797693e-02
1.824953187009370481e-03
1.294598886102704682e-02
-1.474936680932792399e-02
-9.707428933571904395e-03
2.279993752362585724e-02
-9.179560798884267570e-04
1.390683991831842548e-02
-3.908071722998229802e-03
-6.997897940298258845e-03
-4.582683954902577739e-03
1.480052251421071219e-02
8.087815268696729731e-03
-1.149523126409235374e-02
3.539476981314138015e-02
-1.549038539920744029e-02
2.300956494200079305e-02
-1.767724883606902608e-02
-6.404253775098567303e-04
1.852833387539121190e-02
7.342378138307736890e-03
5.694506318143055523e-03
-2.557014774144050762e-03
-2.565842759041281340e-02
-2.613612516475072312e-02
3.206820810298260938e-02
1.917997526470749392e-02
1.470310134821062320e-02
3.117914899353202429e-02
2.942742465338454849e-02
-8.648541729471048711e-03
1.337527737141819273e-02
-5.269515456514994867e-03
-5.527496332627279685e-03
4.127317048283174472e-03
-4.039262518765873722e-02
1.949705842429949598e-02
1.671306796056271082e-02
-4.817676129018622078e-03
-7.112217579541280088e-03
1.162681104693419343e-03
1.491340099864224555e-02
5.242683584731011592e-03
3.160275909285381601e-02
3.124879113135925479e-02
-1.096176536434967375e-02
-6.311156475819146294e-03
-5.646571635012342938e-02
-1.438292079981273730e-02
-1.233371625048462761e-02
-1.638212975704433916e-03
1.624715825985667550e-02
1.999926758138315108e-04
-2.352040671374311387e-02
1.339751919286769066e-02
-2.640142647233112427e-02
-7.806280174960988916e-03
-1.011526776816040751e-03
