# Delta chi2_r = chi2(OU_r) - chi2(LCDM), TT, theta0.001_Delta0.05, sigma_X=1.847394e-04, H0 re-solved for theta_*; NaN = failure (see fallos_theta0.001_Delta0.05.json)
-1.049526836993663892e-05
-2.916665765795301013e-05
1.239636670291588416e-05
-6.973824419276297704e-06
-1.029485823167419767e-05
-8.180806670310403206e-06
1.863370229671090783e-06
-4.510478600394662863e-06
-9.253686837240593377e-06
8.134625421263308453e-06
-2.169221065528859071e-05
-6.718206893907563426e-06
9.568970700257750650e-06
3.068768002378874371e-06
-8.511224251606108737e-06
2.054548548002799180e-05
9.546030966589569289e-06
-1.353195588293942819e-05
-4.646792064022520208e-06
-2.993863189360013166e-05
-9.247522648081485386e-06
-9.930348969788838076e-06
-8.774555976032161198e-06
-1.850069796915931875e-06
-4.446112974676452723e-06
7.328947489781967306e-06
-2.049748093924108616e-06
4.434086854132601729e-06
9.252450837493597646e-06
-9.188895859324475168e-06
6.671636505473088619e-07
-6.907353338192478986e-07
4.789632740198612737e-06
1.202863543880994257e-06
-1.059030946493066949e-06
3.479775269710216890e-06
-1.634810683270870868e-06
-5.842138257605711260e-07
6.872282803271900775e-06
-1.900108109254006195e-05
3.134764849477278403e-06
-2.161600202654767600e-05
1.898380645215524964e-05
1.133258222552058214e-05
8.641961134259190658e-06
-7.210824950476535378e-06
1.143985784679557582e-05
1.614896021706613283e-05
-2.229097639272481501e-05
-1.924643300554862435e-05
-4.497389955560038288e-06
-1.432407387724765613e-05
7.519389480847848972e-06
-9.623514550582967786e-06
2.054082919755728653e-06
-1.395816555671558490e-05
1.731845230779072153e-06
6.671683792092153453e-06
-1.748970301918006953e-05
6.614957371198215696e-06
-1.734935998598530205e-05
8.072855983698445925e-07
1.250965031118767001e-06
-1.023255897436570194e-05
3.951425657788831813e-06
-2.560916183114159139e-05
-8.846358017677857788e-06
1.908627990943045916e-05
-4.177597851651171368e-06
9.432386818275517726e-07
-6.635086332806849896e-06
-8.303355230054876301e-07
-9.961483335985121812e-07
1.181028027019692672e-05
1.399447085859151230e-05
-1.084229539571879286e-05
-4.168048263863965985e-06
-1.359399688993789823e-05
1.107214676565604350e-05
-1.361766258867191937e-05
8.345596125280962951e-06
-1.363639316664944090e-05
-9.977290414298067844e-06
-7.335150961296221794e-06
-5.778125256483690464e-06
-1.300256219849416084e-05
-2.090034513457794674e-06
-1.106030194364393537e-05
7.263622261888258436e-06
-1.201926939486952506e-05
-7.295087499414876220e-06
-1.919239089431812317e-05
-3.080348896844498086e-06
-1.767141868214139322e-05
-5.498502513745506803e-06
4.172984620964825808e-06
-3.637496728714495475e-06
2.103457516255957671e-05
-1.055906342628532002e-05
-6.926023665698721743e-07
-4.699674253316743489e-06
-3.340457404021890397e-06
-1.391289291063912970e-05
-3.527309665685152140e-06
-4.039566530167348901e-06
-2.494856432733172369e-05
3.370209316955197210e-06
7.487700212749359707e-06
1.534161205540840456e-05
1.121231686695978169e-05
1.617470663006770337e-05
-1.093198528678840376e-05
-1.174119013214180995e-05
-1.481189681129535529e-05
-1.315484918862352970e-05
-1.088999912113308710e-05
9.691062281547146995e-07
1.712980203905090093e-05
1.305748453006572163e-05
-7.429876575315574883e-06
1.458882874061373514e-06
8.772166836479300400e-06
1.584711389313042673e-05
9.647463489415031290e-06
9.772138341190839128e-06
5.002880243409890682e-06
-7.678752602657823445e-07
-1.267979852670464425e-05
-7.653534254359328770e-06
-2.515932791169461780e-05
-2.977745675991627650e-05
-1.423699304226033746e-05
-1.689689302253327696e-05
4.761206042758203694e-07
3.540511251287625782e-06
-3.719070244301292405e-05
5.986193684748286614e-06
1.183589788311678603e-05
1.224355622042594405e-05
8.230951447529832876e-06
1.267081702494010642e-05
-4.151953348241477215e-06
1.634415425044721815e-05
-4.129901586935602609e-06
1.406022248318095080e-05
-5.739482727307176901e-06
-6.363555375088481014e-06
1.350584214065975175e-05
-8.179068551328327885e-07
3.329251402561794748e-06
1.028777526101976036e-05
-1.153441587575798621e-06
1.867230636776184838e-06
1.575347891247247389e-06
3.428970849483903294e-07
-9.832259731723524965e-06
2.145629317595876273e-05
-4.374843939558559214e-06
1.545724748197585541e-05
-2.180987451083638007e-06
-2.124724346685979981e-06
1.401040420390131658e-05
1.859177862328920128e-05
-4.503038276482129731e-06
-6.662632397791412586e-06
-9.453750617893774688e-06
-1.412185977045510299e-05
2.096423689224025111e-05
7.651757069737641359e-06
5.996201704050463377e-06
1.973083814021947546e-05
2.293397893993187608e-05
-9.261802965454535297e-06
1.534383974544084595e-05
-9.775280318535806146e-08
-7.103942110120442521e-06
8.776655135989130940e-06
-2.195211097699711900e-05
2.631818169618327374e-06
9.249964097790552842e-06
-5.894248225501996785e-06
-1.156922305511898230e-05
5.047636790322940215e-06
1.094434050230574940e-05
-1.235856398551504753e-06
2.413902954856439464e-05
2.911638861391452338e-05
-9.281638522651292078e-06
9.436879860658109465e-06
-2.249627601713655167e-05
-3.360762967474784091e-06
-4.296417845495170695e-06
-4.771995136820805783e-07
3.419797945269920092e-06
-1.066342572997314164e-05
-1.354088995242364035e-05
1.071891221471332756e-05
-1.093929750339839302e-05
-8.713826609607622231e-06
-1.055274651662330143e-05
