# Delta chi2_r = chi2(OU_r) - chi2(LCDM), TT, theta1_Delta0.05, sigma_X=1.847394e-04, H0 re-solved for theta_*; NaN = failure (see fallos_theta1_Delta0.05.json)
-2.272948033379407207e-04
-7.164369844652185293e-04
-7.305984444982982495e-05
-7.011407400625557784e-05
-4.043061531824321264e-04
1.652098838178517326e-06
3.382620011826986683e-04
-5.775149496400899807e-05
-2.719956586432203949e-04
6.021394572286453695e-06
-9.612016044187043917e-04
6.302253693135639878e-05
-7.897372967846649772e-05
2.560467379630892992e-04
-2.025479390255213730e-05
4.866121902331599358e-04
1.926393705922180288e-04
-3.008614236179596446e-04
-7.049895295097030612e-05
-9.467914685998835012e-04
-8.724083326683285122e-05
1.542982534665782168e-04
-8.864563931965108168e-05
-1.493829480381236863e-05
6.829640533112524281e-06
1.803742722898959983e-04
-1.082591096057683444e-04
-1.834244342902024982e-05
-2.253208475551105039e-04
-2.166322900194472822e-04
-2.569701868999629824e-04
2.893851607943531690e-04
1.613593294251813859e-04
-7.358665600776248539e-05
-5.283393288735283022e-05
-2.009415797381564062e-04
-1.140824053642575109e-04
-1.259882983006832546e-04
1.641959475691123771e-04
-3.640461179905685185e-04
1.506375346451704900e-04
-4.633053378597651317e-04
4.601917276545464119e-04
1.194479106274570768e-04
1.541807424700891715e-04
-3.195009287821903854e-04
3.342099188863301151e-04
3.812835375960332840e-04
-3.482273355857046226e-04
-5.066544323923949378e-04
-5.464885672523678295e-05
-9.036465353418066115e-05
8.426984041420837457e-05
-3.957707127710818895e-05
8.111350222250734987e-05
-1.918553796187438820e-05
7.602390578753670525e-05
1.308390517884561177e-04
-5.112934692235171497e-04
1.236620537277133280e-04
-1.542485289860451303e-04
-3.175276541966809418e-05
-1.527155003699931513e-04
-5.610908260322844399e-04
6.118923523956709687e-05
-4.135679754035948008e-04
-2.142324095579795085e-04
5.465832892106448071e-04
-6.588706261112520224e-05
-8.482357056394107531e-05
1.033464969424358060e-04
-6.491307021860848181e-05
9.413639077138213906e-05
2.208950911075646673e-04
1.941244110099660247e-04
-2.332939168780967520e-04
-5.710896502364448679e-06
-2.524097096063826484e-04
4.012114258529209110e-04
-4.110905865424285821e-04
1.221574335517061627e-04
-3.938794935187672763e-04
9.847342926505575633e-05
-1.314272051153864140e-04
-3.295820925366399479e-04
-5.305609489525409117e-05
3.515155908537792584e-04
-1.525331021667852838e-05
2.271816449201935484e-04
-3.437792365446057374e-04
3.081567788854044920e-05
-1.436259389997474045e-04
2.533576485106436849e-04
-4.327500546281726201e-04
-1.160103325226202742e-04
-1.341281993525456073e-04
2.288836645796266112e-04
7.081920694318455389e-05
-3.337922074031496322e-04
1.932984821095828920e-04
-3.353343513126105790e-04
-2.592022761298551359e-04
-3.125199611986317905e-06
-1.749362212777327841e-05
3.259221234230835762e-06
-6.839492796473223279e-04
1.588309444144897498e-04
1.935080954851287061e-04
4.074487209670962784e-04
1.130104318178837275e-04
4.739765860044542478e-04
-1.289262889407893908e-04
-4.546962387905750802e-04
-3.827786975492131205e-04
-2.757352762969844662e-04
-2.984452312269070262e-04
-4.349003377512872248e-05
4.652163487364191496e-04
6.408367674453074869e-04
-1.854077909086981890e-04
-4.599521900772174376e-05
5.074226485390909147e-05
2.494936623165244782e-04
-2.331624694562606237e-05
1.495788439598300101e-04
3.388532544477129704e-04
-2.681564865376628859e-04
-5.982828366413173171e-05
1.031556374719855285e-04
-4.308926828890946581e-04
-5.917898351768258181e-04
-4.263581030379270942e-04
-5.899505705357910301e-04
-1.330067487508301838e-04
2.895004316272320466e-04
-9.010846360979485326e-04
2.953148922699710965e-04
2.513244104243028687e-04
2.412417273482958535e-04
3.342423425074514398e-04
4.627790476412485532e-04
-1.034841471607705898e-04
2.341960830918310421e-04
7.042602825535482225e-05
2.683701062871080012e-04
1.140725972703648949e-05
-2.545416284291945885e-04
5.530738129913004286e-04
9.002528046408997398e-05
2.521485966084924257e-04
-3.955812368872102525e-05
-1.787044784506974793e-05
-1.946792558236154491e-04
1.520775906094229413e-04
9.821034896617675258e-05
-1.105453489778085441e-04
5.121508517156314610e-04
-1.333509124883391905e-04
4.863396697381006106e-04
-4.120479978908520025e-05
-7.465654293170587152e-05
3.201715472016530839e-04
1.412887173302124211e-04
-1.333756830135257587e-05
1.267635363575436713e-04
-2.370149248633879324e-04
-3.666417924037546072e-04
5.063043341912987216e-04
4.761776415875829116e-04
1.688021324177668703e-04
5.309144085501316113e-04
5.145184235608724066e-04
-2.510292172637207386e-04
4.437106641681509700e-04
-1.037101630743109126e-04
-2.673679879450219232e-04
-6.887351876372349579e-05
-5.184568423999280640e-04
6.560835739932713295e-05
7.791277715796240955e-05
-1.592758909687574942e-04
-2.126417524905832579e-05
8.584430458213887505e-05
2.149937587923034243e-04
-6.086322333587190769e-05
5.366355534448530307e-04
4.108430952527442059e-04
-4.699129082439412741e-04
-9.720933409340659637e-06
-7.827036294791867022e-04
-3.268710707544641991e-04
-1.690654510717592984e-04
-1.121763057554403531e-05
1.381259980242077745e-04
1.006825207383599263e-05
-3.238402060361522672e-04
3.018102036165259960e-04
-4.522003079294734107e-04
-2.469926599246718979e-04
1.133783504734253711e-04
