# Delta chi2_r = chi2(OU_r) - chi2(LCDM), pp, theta1_Delta0.05, sigma_X=1.847394e-04, H0 re-solved for theta_*; NaN = failure (see fallos_theta1_Delta0.05.json)
-1.972956077942455977e-04
-6.021935981088688550e-04
1.097996464487493995e-04
-5.173233027733203926e-05
-3.261428756005102514e-04
-5.312516551470025661e-05
2.353382067834530744e-04
1.770767963105157605e-04
-2.000252770049115725e-04
1.273317292262987621e-04
-5.778456623612981957e-04
1.564353157590403498e-05
3.181231024562691800e-05
2.617046674657785843e-05
-8.342448863096763034e-05
3.514253587724169847e-04
1.638154312448847350e-04
-3.450215075258000752e-04
-2.237398827240610899e-04
-7.400977675882103313e-04
4.547642558883069341e-05
-1.738623408371609003e-04
-1.204651101858189577e-04
-2.548212716160236369e-04
1.008992133986197359e-04
2.265653722197669140e-04
-1.118630693568434253e-04
-3.475149003229205391e-05
2.754096345292111891e-05
-3.438439081815403142e-04
-3.273164229078417975e-05
9.369334956588204477e-05
1.519223725345852927e-04
-1.142349924343477596e-04
-8.813934636897613473e-05
-7.945588999724861878e-05
-7.552421534562370198e-05
-2.253066028679029387e-05
2.476955028036798012e-04
-3.533512673890015776e-04
1.111954006702831066e-04
-3.561225524233435635e-04
2.890118420157961054e-04
2.736172773314393680e-04
2.512062082118404760e-04
-2.483810937601305113e-04
3.095806265900336030e-04
3.126963234763024957e-04
-4.043287871393630439e-04
-4.938653754322785971e-04
-1.231654557010131157e-04
-2.054837430094380579e-04
1.763756403807548168e-04
-4.844046602414664449e-05
-4.301388578120679540e-05
-1.511651843610906099e-04
1.018542830415469780e-04
8.531059562244536210e-05
-5.123429761368925028e-04
6.017817923442692063e-05
-1.465919627783307533e-04
-5.701575809169412423e-05
-2.433281587546076707e-04
-4.079231340714528642e-04
-5.385451728834311780e-05
-3.521355609912291129e-04
-2.058068424499737148e-04
2.802906522081372032e-04
-5.775714594946634861e-05
-4.618901352593240972e-05
2.166224143369532840e-04
-4.387807065242554927e-06
9.414554587650059148e-05
2.140044610712266149e-04
3.705607988475634329e-04
-1.673971331808132845e-04
-1.582415226977218481e-04
-2.742705053329075326e-04
2.305798067023800968e-04
-3.514356831679776860e-04
4.781710986989651246e-05
-3.755173312534054730e-04
-1.763825173206612362e-05
5.713518099526027072e-06
-9.608688171525159305e-05
-1.499193583445190825e-04
2.256046424342628143e-04
3.632088787242082617e-05
2.502068809491220236e-04
-3.848456149526668923e-04
-3.532592698363146155e-06
-3.070970968774844323e-04
3.042099647281304442e-04
-4.870773886800350283e-04
-1.609879259465429868e-04
-2.643273025171311019e-05
2.978096581056632886e-04
1.478665545118218461e-04
-4.652947039449628619e-04
1.799559389485949623e-04
-1.762188507807849192e-04
-9.005551870089334443e-05
-9.423656169005312222e-05
-1.137911981174966058e-05
8.893912629481803833e-05
-6.433221739232664049e-04
8.237526211729573333e-05
1.271033178902314376e-04
2.999488109924897117e-04
1.763907086118621237e-04
3.601349128246056353e-04
-2.473355765246765259e-04
-5.323808787807138287e-04
-2.747168131485011600e-04
-2.688212350854257693e-04
-3.408243584051007247e-04
-1.617548021162207306e-04
4.365447259662147417e-04
4.507579386405780042e-04
-3.471869243298897345e-05
1.756088441773329123e-05
7.046638922147963058e-05
1.401527935946944581e-04
1.418891144489009548e-04
2.966335904996952877e-04
1.342000755357730668e-04
-2.054391313546233278e-04
-4.270571936970668503e-05
-7.250224524035786544e-05
-2.499704259442125931e-04
-6.261402388929582230e-04
-3.612251376594599606e-04
-3.907892881258590023e-04
5.675182623043895092e-05
2.305322443021395884e-04
-6.324105034636318123e-04
2.400160482718405319e-04
1.058221513545731796e-04
4.291467434853757368e-04
3.053573707099133117e-04
2.995580173834611060e-04
-1.484348002911417552e-05
1.793254652309173025e-04
2.538777710014983313e-05
1.257390753348630597e-04
-2.070835056322550827e-04
-1.552901038124332445e-04
2.949603962765223741e-04
-2.301317052832985155e-05
1.822004667477727935e-04
-5.370421067318886799e-05
-1.035042637926864018e-04
-8.539607544832961139e-05
1.928429350037674794e-04
9.783011564046262265e-05
-1.631125529026888898e-04
4.710641069092247335e-04
-2.222321113602987452e-04
3.127327091725362607e-04
-2.493186837266847533e-04
-1.704859206519415693e-05
2.489613777658661320e-04
9.725931439952262281e-05
7.138891136371228185e-05
-3.938338882392145024e-05
-3.600834012313924859e-04
-3.671207502993212302e-04
4.086383684747119105e-04
2.620270411597402926e-04
1.761056245470626891e-04
4.165053249103323196e-04
3.805972827617409848e-04
-1.253933766509618408e-04
1.829903477990058036e-04
-7.159433791059655050e-05
-1.037838938131585564e-04
5.522434958038502373e-05
-5.757785672599879945e-04
2.557031195262737810e-04
2.147993329693065334e-04
-6.480805461883676344e-05
-1.017535570291272506e-04
1.611604021256596297e-05
2.008914394160399297e-04
5.383815515358492121e-05
4.243882280707822474e-04
4.034035315125805710e-04
-1.540414301519632545e-04
-8.518768532894682721e-05
-8.114966844914306421e-04
-1.982253729089222816e-04
-1.699654543241280180e-04
-2.295706309318745753e-05
2.121382187869613745e-04
2.062926197865522226e-06
-3.247993290411699263e-04
1.697210659319381421e-04
-3.625704258691797577e-04
-1.060579784990522967e-04
-2.075194159445459263e-05
