# Delta chi2_r = chi2(OU_r) - chi2(LCDM), pp, theta0.001_Delta0.05, sigma_X=1.847394e-04, H0 re-solved for theta_*; NaN = failure (see fallos_theta0.001_Delta0.05.json)
-7.957576881878480890e-06
-2.066991477356339146e-05
1.761119440324421248e-05
-4.379626023620630804e-06
-5.464552188527704857e-06
-1.044052767795733416e-05
-4.249583108517640540e-06
7.268847390662358521e-07
-4.842562868034860912e-06
1.160497744479016546e-05
-6.377660147549590874e-06
-9.985263028866597779e-06
1.517900582115316865e-05
-3.574612707168967063e-06
-8.952276170148820711e-06
1.577911343808580114e-05
7.221788633771097921e-06
-1.063342492635399594e-05
-6.254305054298470168e-06
-1.942992342307547915e-05
-5.310583876649843660e-06
-1.951779755238192138e-05
-7.924579827900402051e-06
-6.037791301594097604e-06
-3.854483505705275093e-06
8.468402786121487225e-06
1.640364697408358552e-07
5.463337263478251771e-06
1.903369130396015407e-05
-1.302354365506630529e-05
9.860165965491773932e-06
-6.267061825937503272e-06
2.729210441643203922e-06
1.055156468865448005e-06
-1.639228571548301261e-06
7.785926468883985763e-06
7.651340876435597238e-07
3.002990135669847405e-06
8.935653882602423437e-06
-1.613011851908652261e-05
1.114201110041790344e-06
-1.412361816122142955e-05
1.300306802853867794e-05
1.734435053890592826e-05
1.321568441881026956e-05
-2.125184408896529931e-06
8.675033846827773232e-06
1.354530821906507754e-05
-2.076495609237838380e-05
-1.410617034913741463e-05
-5.605255239515827270e-06
-1.680576101570352421e-05
9.878628002724099133e-06
-1.015449182872885103e-05
-7.458411737104597705e-07
-1.651443724703938187e-05
4.011773400591778227e-06
4.830443536718576070e-06
-1.435613082456654865e-05
4.406561002312514574e-06
-1.636173942110019652e-05
1.499446460329068032e-06
2.803549035590435778e-06
-2.873826856486516590e-06
7.463423514764144784e-07
-2.198731598745951032e-05
-6.638641036005310525e-06
1.060120449913881657e-05
-2.291724104708237064e-06
3.963127248596265417e-06
-5.123976409393549147e-06
2.218206301307645845e-06
-9.545548600442543830e-07
1.121185446706363109e-05
1.684083770392419410e-05
-7.916365658999779953e-06
-7.878960298413062446e-06
-1.402900480940161287e-05
3.273082674226657218e-06
-1.035556825357275557e-05
6.659333459779759323e-06
-1.034892705575884975e-05
-1.392169208003224412e-05
-3.212022040344209017e-06
3.158957721183242029e-06
-1.461849070061305156e-05
-8.687616251279450807e-06
-9.369428060068685227e-06
7.658323564641023040e-06
-9.165207204731018464e-06
-9.194982547811036966e-06
-2.112443281276910056e-05
-5.425737757747128853e-06
-1.610444623523221708e-05
-5.595224674692644840e-06
8.852432719308467313e-06
-3.704513140689869033e-06
2.308005497475562606e-05
-9.862667356586030110e-06
-3.245838060550454429e-06
2.751770820097476644e-06
4.580564574752088447e-06
-1.783474333549861512e-05
-3.719638653976176101e-06
-2.548534682844660892e-06
-1.867376560760192206e-05
1.772472597139085337e-06
6.633885281104312526e-06
1.052477830576492579e-05
1.341322436232417203e-05
1.282180322093040559e-05
-1.348724611105467375e-05
-1.002058365351388147e-05
-8.943667102911945221e-06
-1.198755747999769028e-05
-8.767052310787448732e-06
-2.844275002189533552e-07
1.626882723648748197e-05
4.094645255747764168e-06
-2.799043244294807664e-06
4.477452112183755162e-06
1.126571415532851006e-05
1.227352536936621163e-05
1.591241683307487165e-05
1.440123820195537974e-05
-2.492663325526223161e-06
3.639914078590322788e-06
-1.208991775669687740e-05
-1.303583041689648780e-05
-1.904826076604138052e-05
-2.860957049755086246e-05
-7.847177927899906535e-06
-7.196832315869983177e-06
7.974494751650240687e-06
-4.960699673262070064e-07
-2.538154282305526976e-05
1.944845875456735484e-06
7.447269922522536945e-06
1.595572226520403092e-05
6.341160442957516352e-06
7.674579126870639811e-06
-2.263911865085788122e-06
1.413929319049600508e-05
-6.728506122044564108e-06
8.716711713319114097e-06
-1.139680592743275156e-05
-5.016131545687585458e-07
3.700871028300412036e-06
-3.739728807516939924e-06
-1.764380408886268015e-06
1.279934795128667702e-05
-1.932310398800041185e-06
8.323105541663267104e-06
4.973911718053614095e-07
2.210827272364213059e-07
-1.063449347427081193e-05
1.850632929922824133e-05
-4.941838419370014890e-06
8.751120562422443072e-06
-5.762429514888367521e-06
9.557943183580164259e-07
1.192834391972041885e-05
1.840671101938085030e-05
-1.920656977461021597e-06
-1.147270035062319948e-05
-1.060546756015412484e-05
-1.046769457424545635e-05
1.590060754352862205e-05
2.841057149538528392e-07
5.447925003565501356e-06
1.421388743061413606e-05
1.841050092998841592e-05
-3.777356631928796560e-06
8.481549629735241069e-06
1.358442959897843139e-06
7.179866710060878177e-07
1.437417970073795459e-05
-1.953248943031837825e-05
6.776410693021261977e-06
1.524297080202074994e-05
-3.085341578668021612e-06
-1.439964037786012341e-05
4.205225057063444183e-06
1.137576113130478461e-05
1.241756377723390870e-06
2.012383036742448894e-05
2.750084774838512658e-05
1.585306000251307523e-06
1.024523095516371995e-05
-1.802317599164382500e-05
3.095091075877576259e-06
-1.960726237371090974e-06
-2.234155260794068454e-08
5.708169645401994785e-06
-1.198526035395275358e-05
-1.234480124878700735e-05
8.562608398321458480e-06
-5.113554923497076743e-06
-3.450073847943713190e-06
-1.612211124601969914e-05
