# Delta chi2_r = chi2(OU_r) - chi2(LCDM), thetastar, theta1_Delta0.10, sigma_X=2.506316e-02, NaN = rho_DE<=0 (reading (a) broken) or CAMB failure (see resumen.json)
7.907654653863813721e+00
4.486710798115397125e+01
4.589799820095957550e+00
1.384253688972649110e+00
4.928484000484339589e+01
3.056742903930695920e+00
4.007592464063458593e+00
8.304297801947818636e-01
3.886488297679743020e+00
1.297667100968022291e+00
1.520264546747178258e+02
2.553649114575594625e-01
4.461455645347014887e+00
4.443768391093732362e+01
-8.268529454789355637e-02
2.477422828349135386e+01
1.262568542573070118e+01
2.127277320987804643e+01
-9.962795489210210520e-02
2.026918773297628320e+02
9.051583508395205868e+00
2.044924387095599982e+01
1.330459633238562644e-01
4.738612022116297506e-01
5.625155026634662270e-02
1.446021633302809306e+00
6.419746990163632816e-01
1.549464114290339145e+00
1.596197304290359398e+01
1.320570821793296723e+01
2.339754529022403773e+01
5.173011537507800739e+01
2.858647692665047924e+00
1.278007054350225680e+01
7.232391025957154440e+00
1.133451008026213458e+01
4.059683082306049684e+00
1.163780246178305555e+00
1.903400196438267145e+01
9.933610775782216962e+00
1.611589081464617124e+01
1.190704756203095194e+01
3.906841093583732061e+01
3.867326444128558638e+00
9.446837784404822358e+00
3.620820127346328832e+01
1.167820833736740127e+01
3.691038088483552571e+01
6.110994919757177790e+00
3.484659203845801301e+01
1.056446204888528806e+00
1.717451711567831441e-02
-8.114156299315947174e-02
2.152359091462249907e+00
3.925453623253173419e+01
1.137160001041586632e+01
1.819244769838830045e-01
1.121916661567278650e+00
5.041484154070938928e+01
8.817585719457653459e-01
6.484029890238487859e+00
7.800494395792831326e-02
8.244233554628914717e-01
1.960165234065059892e+01
-9.926672346607036401e-02
2.918443039965361407e+01
1.818812948720558964e+01
5.256436700768855275e+01
6.652353667272074667e+00
3.793104488261910934e+00
5.623082038113454972e-01
1.111254073055234493e-01
2.164050566867367353e-01
3.292326692738603811e+01
2.919172287900395624e+00
4.143172075542310928e+00
1.120723720859701178e+00
1.169772340152561974e+01
2.062477337764834218e+01
1.521483551774939791e+01
3.468310815403378156e-01
1.735491339352389062e+01
4.393347306047309386e-01
7.314422835795935995e+00
2.023502054875955736e+01
2.505233618872930723e+00
3.345510439531843616e+01
1.678431446702199903e+00
2.496973920095090893e+00
3.073090247796249841e+00
1.476304169259633203e-01
1.021794955916488501e-02
1.535672894364382479e+01
1.734328588461278287e+01
6.395427979520901474e+00
2.044193305791909943e+00
4.006470605596090806e+00
-9.124695145523921413e-02
2.139765749026024366e+01
1.284542997245121576e+01
2.311463506027160619e+01
1.340088961571603576e+01
-7.302804210423075038e-02
3.085842226297608182e-01
2.150417077239876296e+00
7.743350097351786587e+01
1.356328652205465168e+01
2.117687517012975529e-02
3.457928563705964109e+01
4.879617780017392548e+00
8.248209401813664954e+01
7.282754552529062675e-01
2.608529607277391449e+01
2.299448498355304338e+01
1.467875284377874401e+01
2.408071511669305220e+00
4.413854474635724223e+00
4.702365199273172891e+01
7.227544513014068173e+01
-2.176362739159581894e-02
-6.972080885031997632e-03
1.162461759129360450e+00
4.757344750630110308e-01
3.136006706086147400e-01
5.409827464819768394e+00
2.131060246133830915e+01
3.382542825146194332e+01
1.075000548279515966e+00
6.537747612305981448e+00
2.575430211318104057e+01
4.995569048691456970e+01
3.133190322501555158e+01
6.913608459959490915e+01
1.533100567857008212e+00
2.281324494971512706e+01
1.741950258843745587e+02
4.751932271627299365e+00
6.962293886472806115e+00
4.865350368704246087e+00
4.069873469409623112e+01
1.066179671385014132e+02
2.015692799626776388e+00
1.299291174442556418e+01
1.566951255383120944e+01
2.311056548540993738e+00
-7.655921125410054817e-02
4.229326983319608324e+00
6.394235626223179025e+01
2.737933400091869807e+00
2.734279872012251289e+01
2.278330391131140775e+00
1.053229813891625621e+00
9.820523339093762516e+00
1.239926844702210484e-01
8.955082952470184710e-01
3.341517507765662920e+00
6.665576150062561567e+01
-8.379681134298688772e-02
3.059861144921175935e+01
2.587679208941281228e+00
1.390618182612336495e+00
8.196202300488613091e+00
1.415694522299673963e+00
7.858056252609037173e+00
4.180972515135681533e+01
4.490800145301933277e+00
2.157430090375163800e+01
1.233098562902796580e+01
5.767367587321155753e+01
2.542667477514668484e+00
3.588933361648792442e+01
1.398271820782269081e+01
5.777029962238844796e+00
7.017621107175823170e+01
3.870801041807394149e+00
9.774818119383608561e+00
9.332845805478275913e-01
1.556999900729151420e+01
6.122644273302037199e+00
2.192577029700702729e-01
1.032269286510180706e+01
3.905311339254756486e+00
-6.551847942058455776e-02
1.662216218876587348e+01
6.989287581076441214e+00
4.993804332317439076e+01
4.837421276932696657e+01
2.794421657107955781e+01
6.568289799100027970e+00
1.108025634761254992e+02
1.507980149076307619e+01
4.407420945464843864e-01
2.420194931379957004e-02
1.193019125928756985e+01
1.180867077878952287e+00
9.111701417892970056e+00
4.332283350060905036e+01
5.488247507565515093e+01
5.881226985773081672e+00
-7.478112158430506862e-02
