# Delta chi2_r = chi2(OU_r) - chi2(LCDM), pp, theta20_Delta0.10, sigma_X=2.506316e-02, NaN = rho_DE<=0 (reading (a) broken) or CAMB failure (see resumen.json)
-9.319325397111555276e-03
-2.082172064367782127e-02
-5.635190931794653579e-03
1.687557449304044610e-02
9.237745859286050631e-03
1.476468790616003446e-02
1.448283344980971776e-02
4.216570138702024906e-04
-1.074130577865872738e-02
-5.042113163117534214e-03
-4.155387189059034370e-02
-9.349367739197589344e-04
5.798939259980429028e-03
7.252575898963975476e-02
4.225232684321511556e-03
2.765041341542762154e-02
5.263049939616237793e-03
1.033270736989777561e-03
9.091347312995878838e-03
-2.097060752631740854e-02
-1.360513716061717560e-03
4.960596065584965686e-02
-1.119906914244239715e-04
1.513157083782701307e-02
-8.894907021678832848e-03
6.900816681643107131e-03
-3.148241675472007728e-03
7.087192102586570286e-03
-1.201188362008664967e-02
-7.379390035577415574e-03
4.361880236718462811e-04
7.091007756991984934e-02
4.318817313906819777e-03
5.018565767158911228e-02
2.087709375622104346e-02
-8.847265124911629641e-03
-8.423237444732833978e-03
1.490447725885246655e-03
nan
-1.738596090294919350e-02
1.364621077800265425e-02
-1.088145433094034331e-02
2.757297481453946375e-02
-5.247246839470420809e-04
1.531807397006446081e-02
5.357988144917058548e-03
1.310167637577741573e-02
3.035088377492733969e-02
5.370435849378907278e-03
-1.516627277723081590e-02
6.060036879373953411e-03
1.368284174545486565e-02
5.843441230322099500e-04
-1.112708556238573010e-03
9.246623750904525707e-02
6.194229315770627409e-02
6.360273450114917182e-03
2.970808066569574635e-02
-1.079218293181050115e-02
9.748237666926229394e-03
5.671737715191937923e-02
-2.812694419240813204e-04
5.145713897132253578e-04
-1.559244342889698487e-02
3.618156251585347150e-03
-1.494789199159818338e-02
-8.411715486040804990e-03
3.186551932821224398e-02
3.555850988392705858e-02
-5.208990470251251281e-03
-4.608521802746068374e-03
1.855949864902228796e-03
1.573065150505925658e-03
3.750808159861307445e-02
2.507350346768077998e-03
-8.141489357383235870e-03
4.197157431063303079e-03
-1.224375817513490006e-02
2.334971471351288130e-02
-1.720171152922844726e-02
8.111749779963872697e-03
-1.338736303476295575e-02
7.873119721811150384e-03
-8.684864628612842807e-03
-1.546657814565399747e-02
2.407284398553244387e-02
3.121920946698608645e-02
1.184747921648643398e-02
9.460245830355873409e-03
4.352433887653717193e-03
3.451700273016555798e-03
3.446013446418660919e-02
1.258887797891006244e-02
-1.257123303648377544e-02
-2.970009532997863744e-03
-8.319544850090565546e-03
7.715753450590057128e-03
-4.188844875923081190e-03
-4.862053822005663051e-04
9.647819711441130153e-03
-1.067538856867145114e-02
-1.202766503413421617e-02
8.065748326259836176e-03
-5.434729437698848642e-04
3.259859459685543470e-04
-2.578736626323241410e-02
2.720099929473818179e-02
2.269310487091047435e-02
1.633536807776181377e-02
8.657917357032474115e-03
8.279937177446861085e-02
2.718625008231612128e-03
-1.266336568683890107e-02
-1.860627792451730045e-02
-1.661601237498722128e-02
8.810608000825226327e-03
1.141573060239231552e-02
2.966394989370435553e-02
3.590002861893282216e-02
-8.780470360214565062e-03
1.125547474689625460e-04
2.905812108076943900e-03
3.071042996064576869e-02
-2.351536421384636810e-03
1.841319369155769436e-05
3.013243704865331551e-02
1.069968890192818378e-02
3.839071953416706151e-03
2.059647208776915761e-02
-3.030495929580823145e-02
-2.378837358678254077e-02
-7.553977344871398714e-03
-1.829478585432120497e-02
1.471907826247864648e-02
2.571387256086588025e-02
-1.268179766791810437e-02
6.319184197824512239e-03
1.460852509591603621e-02
2.694441847719275529e-04
4.042138377470294586e-02
8.992364670405628146e-02
1.247588556311818309e-02
9.288478424798185529e-03
2.842301608025366022e-02
2.381520073745768684e-02
1.327774948605942029e-02
-4.440363163594085449e-03
4.375521718691466333e-02
2.093256962958633949e-02
2.824368571726409982e-02
3.058512970859794677e-03
8.111130322381754354e-03
-3.560396008429833614e-03
1.152041561550731785e-02
-1.035314023072331224e-03
1.604208375322713209e-03
4.320517161617232205e-02
1.075091029553654209e-02
3.131497046456033218e-02
1.016319074875582373e-02
6.726245935174901547e-03
1.731426114071155098e-02
1.205258790410468350e-02
1.166219771981502618e-02
8.581259947152197753e-02
-3.808974255809616238e-03
-1.015915785442800257e-02
3.268229669862243725e-02
4.833794983724892802e-02
-2.759315682805407732e-03
2.291074913501667254e-02
3.103665407614464300e-02
-9.962062238972890782e-03
5.495969234186226515e-02
-1.859682104189630536e-03
-8.096095333153030538e-03
-4.527915250950087511e-03
-2.527827495113044165e-03
5.921530905396821254e-03
4.012942793048424051e-03
-4.280920217178518783e-03
1.659226166168537020e-03
8.801312947301909162e-03
1.770748537359168040e-02
3.502316287850248955e-03
3.289581797605123370e-02
2.012460668690785326e-02
-2.390359719449719478e-02
2.774571817571569454e-02
-2.917407676619276913e-02
-1.341166117594738694e-02
-5.158830708724693181e-03
-2.847834176870733813e-03
8.102657462663032106e-03
7.389292815725312380e-03
-1.108142705093051461e-02
4.772506651334396111e-02
-2.034420037194450970e-03
-1.981785840702876555e-02
9.529693813082218412e-03
