# Delta chi2_r = chi2(OU_r) - chi2(LCDM), TT, theta20_Delta0.05, sigma_X=2.506316e-02, NaN = rho_DE<=0 (reading (a) broken) or CAMB failure (see resumen.json)
2.240819596328336161e-02
1.824780448924983034e-01
-2.269680335686565797e-01
nan
-2.245481309087011823e-01
1.474582972079012677e-01
-2.189030111372574083e-01
nan
nan
4.703560559524433415e-02
-1.233473514251954839e-01
-5.100855730764664031e-02
-1.947705426628836278e-01
2.724438191270408538e-01
6.700867866103621395e-02
-9.446344034279974267e-02
-5.486959603118179984e-02
-1.328966295550948473e-01
-5.695061555421432331e-03
-1.709887820918041257e-01
-1.531412903178726026e-01
1.309379362347193876e-01
3.878893884251155555e-02
1.006276099507630306e-02
-8.617744673450999926e-03
nan
1.488557937008749832e-02
1.126106522674312771e-01
-1.091834356707153120e-01
-2.337002910285868040e-01
nan
nan
-1.026165880474252390e-01
2.982293995235245632e-01
2.008872423440521970e-01
-1.187021380582855556e-01
-1.537939212057430893e-01
1.625261494003389373e-01
nan
-9.238319774183878508e-03
5.699761668378400259e-02
1.370611219604711550e-01
-6.653937241987151197e-02
nan
nan
-2.556963169136139413e-01
-5.430892673935616699e-02
1.136861340978079227e-01
1.608257559561891981e-01
-1.936919266947256801e-02
5.004548728251734246e-02
1.145564879356051335e-01
-8.596184111591398391e-02
-4.309239297145950331e-02
nan
2.961515042591216229e-01
nan
-2.779031037497041723e-01
-2.183429864131447573e-01
-1.257469118204319614e-01
nan
-6.842438916511639491e-02
1.176425299330219332e-02
nan
-9.951229213577406085e-02
-6.020757843414514809e-02
-1.418065408209763234e-01
9.851608811040080127e-04
nan
-1.352730206007777269e-01
nan
nan
-1.068428508003016475e-01
nan
-4.847441905024751918e-02
nan
-1.472407094232330849e-01
-1.049043370649762608e-01
-3.333845348170427769e-02
6.624216670731186696e-02
-1.430228408681699648e-01
nan
-5.004713562787088676e-03
-1.136944855017851808e-01
nan
nan
1.274097408408785270e-01
nan
-8.033278459424764151e-02
nan
1.386827516087052459e-02
nan
nan
2.481174075473546736e-03
-1.633516170318465299e-01
nan
nan
-2.004655876794139147e-01
-1.544621206282030812e-01
3.796836998655450657e-02
-5.409840467294912969e-02
-4.451576776061827445e-02
-5.432694089474665589e-03
-5.470456345204510740e-02
5.793121238555087871e-02
-1.601615779744385293e-01
nan
-2.151108553194447381e-01
-6.043646800830160259e-02
nan
nan
3.455328199303409065e-02
-1.580159327319776708e-01
-1.029523564845504779e-01
-1.238773430828068456e-01
1.858040077741733853e-01
3.205675172285538110e-02
nan
2.312707463287821952e-02
1.234875015026908329e-01
nan
3.682543429015439074e-02
-1.792811988207816398e-01
nan
nan
3.626742554830286736e-02
-2.524386249898427081e-01
7.843479121361340844e-02
9.323094190600400566e-02
-4.186382298264845758e-02
-7.012894983094142276e-02
nan
nan
nan
1.182195783939619105e-01
nan
-2.649400345432688653e-01
-1.342970224217339137e-01
nan
2.193441483945655079e-01
3.437162871230121652e-01
2.068036684331282515e-01
-4.458366519630629909e-02
2.093956268372174634e-01
-3.943375799284254413e-01
-4.549229189955994457e-02
nan
-8.137945773139421135e-03
1.173530009202714552e-01
1.674530938554532611e-01
6.788176801698142526e-02
-4.216810632677692183e-02
nan
-1.563413870862575550e-01
-1.348982989903433349e-01
-3.124853092382906539e-02
nan
1.082355607347054161e-01
2.900885681460607657e-02
-1.210223074944565269e-01
1.521104621478528429e-01
-9.183258598577737075e-02
-1.290518990556108747e-01
-2.877233223243322868e-01
3.587673042178742833e-01
-3.893104893107590669e-02
3.401128182865420513e-02
-2.576830671892089697e-01
nan
-1.165610727508124000e-01
-3.271366230909933392e-02
-2.477063060959672214e-01
nan
1.876846256712063621e-01
-8.399295880442636530e-02
nan
nan
1.444510275968369228e-01
nan
nan
-1.478010212279379232e-01
-1.861184289833666128e-01
-9.225408824263325869e-02
nan
-2.278168779743126038e-01
8.144831592784385066e-02
8.578541069556777643e-02
nan
-2.482857621769731793e-01
-1.347340973120090268e-01
-2.801801931301639570e-03
1.310500243592827019e-02
-7.018190756816622411e-02
nan
8.167247600029270416e-02
-6.436482537141330340e-02
2.340167961969292776e-01
-2.178158135390759753e-01
-3.617106141083681337e-02
-1.961558202156759023e-01
