# Delta chi2_r = chi2(OU_r) - chi2(LCDM), TT, theta0.001_Delta0.05, sigma_X=2.506316e-02, NaN = rho_DE<=0 (reading (a) broken) or CAMB failure (see resumen.json)
-6.343371907757244799e-03
-1.260063865127492022e-02
4.878170179608787294e-03
-1.212694275764647500e-03
-7.113684373518225357e-03
-3.500735196666937554e-03
-2.670807483475812205e-03
-2.737642797093542413e-03
-3.381171270600447087e-03
5.362002635621365698e-03
-1.240668103134368039e-02
-4.764657460160748315e-03
4.759766418835909008e-03
4.672561263308949719e-03
-4.076606131910409658e-03
1.050260043001571830e-02
5.020806183669179745e-03
-6.752256798648659242e-03
-1.161861867796432080e-03
-1.884517776228378239e-02
-6.973730055332083566e-03
-3.206082252138031663e-03
-3.581891839495199292e-03
1.274350037760996202e-05
-2.994497291297193442e-03
3.127148094325349348e-03
-2.786740367071161018e-04
4.325999679100078765e-03
3.920863347470771032e-03
-7.230288487434677336e-03
-4.407747094674618893e-04
4.161207913362829913e-03
1.452428951328244011e-03
4.949807471817280202e-03
2.252141531485563064e-03
4.714213560070845688e-04
-1.550993651608933988e-03
2.052600193870546263e-03
6.516625243573770376e-03
-9.093303320042878113e-03
3.353038528882024139e-03
-8.114644181052454996e-03
1.108487101742028358e-02
8.186469306359356324e-03
7.555568376712784584e-03
-5.631388382582258600e-03
5.012605142223236498e-03
1.043412014456635006e-02
-9.536899982848012769e-03
-9.392133108104161465e-03
-1.141321811608975167e-03
-5.792655745359809316e-03
2.885153645497240404e-03
-6.489903996200752090e-03
6.392705156002875810e-03
-3.221326146835679083e-03
1.568260040983204817e-03
1.078181318128201838e-04
-1.048627968168602820e-02
2.496311857363764375e-03
-4.742835036545045568e-03
3.805589372056772390e-04
2.300031553680526031e-03
-3.247274134512423416e-03
8.058363964664749801e-04
-1.373471630022038426e-02
-6.652296583084194026e-03
1.109910384855083976e-02
1.828453403913243847e-03
-4.041652620863089851e-04
-4.355320743613333434e-03
9.548820141986880117e-04
-9.319295352341327998e-04
9.580378847996229297e-03
6.421770764156065070e-03
-5.056448490737608381e-03
-4.020266738336886192e-03
-8.627960800346556880e-03
4.430106474650585824e-03
-7.030323398723226092e-03
3.795089024126951927e-03
-7.032917323918752572e-03
-6.270772682576364332e-03
-5.114581642320814581e-03
-2.910463902257021118e-03
-4.419937608272306306e-03
-2.848786986611173688e-04
-3.891336240076981312e-03
3.382430626572840993e-03
-3.223396825855928682e-03
-4.443371083141300915e-03
-6.985890476098433055e-03
-1.481916171432118290e-03
-8.112208374683405054e-03
-4.599290311244175200e-03
2.696628717554716559e-03
-3.151425298685950338e-03
9.773437181973321231e-03
-5.284733002916652822e-03
-9.484406991688842936e-05
-2.498814959707829075e-03
-9.852776768966009513e-04
-7.868156162320616431e-03
-2.604433040541920263e-03
-1.610513355839060523e-03
-1.337998402224727101e-02
4.181955721275443238e-03
2.881022462638327397e-03
8.729733854082155631e-03
6.841032402842728288e-03
1.362512543983029900e-02
-5.335965302137424260e-03
-5.443322814791429209e-03
-7.459725012051166004e-03
-8.569563022447823641e-03
-3.071012423447427864e-03
2.793048933408925905e-03
1.136409993008413721e-02
7.092370391678315400e-03
-1.273845375884263831e-03
1.796822295421662830e-03
6.244744509743327399e-03
5.875693323030617421e-03
5.831812806999181475e-03
6.380106918530970006e-03
2.543517846394394155e-03
-3.026836240650254695e-03
-5.305132058794015393e-03
-2.897605721514651123e-03
-1.394094588725991457e-02
-1.695895860390805865e-02
-6.316215875745712083e-03
-9.073861087230739031e-03
4.585008927588063443e-03
2.346207910164821442e-03
-2.141961663817681938e-02
1.449562082811439723e-05
5.597625902112213225e-03
6.185247730851273218e-03
6.967952642682462283e-03
1.235294241431361684e-02
-2.926409665029439111e-04
9.133132882062966473e-03
2.420615426785843738e-04
4.571860910822067581e-03
-3.434378943676819063e-03
-1.129036303378683215e-03
7.419712077631146485e-03
6.913768262677422172e-04
2.582979418054520693e-03
8.045000581404337936e-03
-9.554657985582082347e-04
1.853532236122390486e-03
-2.177884385069717155e-03
-4.847081408918541001e-04
-6.251407937533315362e-03
1.408045226044052356e-02
-5.674732994265241359e-05
7.949731946361282553e-03
-2.421678603987231782e-03
1.576142559827076184e-03
7.221648536532399021e-03
9.971654006172059326e-03
-4.998006395677379032e-03
1.227959329924033227e-03
-4.736080963098743268e-03
-7.101060633942779532e-03
7.900581253295513307e-03
5.826231128441605733e-03
2.147832002879823676e-03
9.860951415319618718e-03
9.499190133514190393e-03
-3.649889052624644137e-03
1.218362263348993224e-02
-8.107669279127094342e-04
-1.762352923133647664e-03
6.777407143399472034e-03
-9.492839267572605877e-03
2.753452213070772814e-03
6.576541082559117513e-03
-4.519887688896773170e-03
-8.353680799515927902e-03
2.285597956898755001e-03
7.868736334245340913e-03
-3.621777464864806007e-03
1.444631131800022672e-02
1.698583830891919888e-02
-4.181195782297919550e-03
3.145869326502293006e-03
-1.331423623969740788e-02
-1.254299971520822510e-03
-1.115001575506369136e-03
-6.486442809361392392e-05
4.454963167546566183e-03
-5.297802195727285834e-03
-7.020473201546195696e-03
1.049253696439933492e-02
-7.203385381391314013e-03
-4.104532801019189492e-03
-8.481973599998582358e-03
