# Delta chi2_r = chi2(OU_r) - chi2(LCDM), TT, theta1_Delta0.10, sigma_X=2.506316e-02, NaN = rho_DE<=0 (reading (a) broken) or CAMB failure (see resumen.json)
-1.128990334668991125e-01
-2.836281732416594537e-01
-8.022600660762790881e-02
2.012795672131417746e-02
-2.628577584593330130e-01
4.674860407000380746e-02
9.447262534970590764e-02
-4.096341486335575155e-02
-9.842458469205084270e-02
2.708398388029920056e-02
-4.648977198419110834e-01
1.758182029194088614e-02
-8.466564571881463053e-02
2.215416149623727904e-01
-4.923998902942372524e-03
1.956316275928529080e-01
1.208580860690986469e-01
-1.845332756398896379e-01
-2.243370010733869435e-02
-5.138548659383523898e-01
-1.052563928431133888e-01
1.400580127103161487e-01
-3.492161461391418698e-02
9.755786778910646717e-03
5.154378563094752508e-03
4.918881002638997302e-02
-4.628194145290009942e-02
2.506333447568920292e-02
-1.459237804619064605e-01
-1.416999669078506940e-01
-1.783506867908961624e-01
2.374181517985185508e-01
5.956799304200899314e-02
8.732148990954513579e-02
6.219497752485736441e-02
-1.293216816320601481e-01
-8.492919901973294827e-02
1.147640190404786154e-02
1.439598068109368967e-01
-1.449512316753533980e-01
1.262343186081480439e-01
-1.670788621695997733e-01
2.257263528489303894e-01
6.022956525929501481e-02
1.005258025857784787e-01
-2.233760001897273639e-01
1.348826659261490590e-01
2.189255695277765312e-01
-1.237446621963513849e-01
-2.404305296315882856e-01
1.374987203898569987e-02
-1.248785214179903846e-02
-3.226841460453044874e-04
-5.599620702172458664e-02
1.875263420444923668e-01
8.748363340325937543e-02
1.511376790057639141e-02
-2.743890252871494795e-02
-2.763623010594145057e-01
3.261863193471725708e-02
4.790676863451892586e-02
-2.721814079010087539e-02
-5.788876892647465411e-02
-1.981903973745033909e-01
-2.282380071463308013e-03
-2.159899510251541699e-01
-1.555848936049741837e-01
2.743823345683438220e-01
5.996746964005339464e-02
-7.644323844276357249e-02
3.238614448517296296e-02
-3.482205335479804376e-02
1.604165740461382939e-02
1.879426099086920487e-01
6.845787134521330586e-02
-9.450981547505676872e-02
-4.145479589004708032e-02
-1.394030323160251328e-01
1.773058419531281515e-01
-1.674268419747129144e-01
2.526737358515873666e-02
-1.723220602405106661e-01
2.742389193679883874e-02
-1.023611974301132932e-01
-1.758763339737470233e-01
3.141068277167491374e-02
2.067127098972285637e-01
2.820681402625524470e-02
6.591871778077162958e-02
-1.046765449202347043e-01
1.050352441965785033e-02
-1.884291639770907523e-02
1.413426382678544257e-01
-1.838212708859607858e-01
-9.718716047969522265e-02
-6.802611851692574874e-02
8.401887672257757345e-02
3.917828981322202253e-03
-1.871509593823397211e-01
1.220388413201725086e-01
-1.865419905432972314e-01
-1.479704208822347766e-01
-1.709804297555450603e-02
-3.111364471478239579e-02
3.806079241085669196e-02
-3.418143639075914564e-01
1.181754147680216249e-01
1.943207866209917256e-02
2.142450720219954974e-01
7.249705616198554026e-02
3.202376673374871530e-01
-5.070787354869210617e-02
-2.168149613967109701e-01
-1.975327457154065769e-01
-1.499185098110160652e-01
-8.964127933047194574e-02
4.692644612301322127e-02
2.516082488488606828e-01
3.273552496266383116e-01
-2.646090843831316874e-02
-5.977093737275396279e-03
3.153578134044821013e-02
4.331964077965722026e-02
-3.240577643465414326e-02
8.029938099396360940e-02
1.687017812782123372e-01
-2.078700478651072103e-01
1.511408621722054590e-02
7.736787023407742936e-02
-2.042364451298652739e-01
-2.806733980474831469e-01
-2.248371601205398918e-01
-3.147739419564423713e-01
1.061606827105165962e-02
1.723629342261183695e-01
-4.857227260972365457e-01
9.347220277738443883e-02
9.682995090791735038e-02
8.706831930111746942e-02
2.233349835898152946e-01
3.552150274548715458e-01
2.553654686798623175e-02
1.255605738029537122e-01
1.162782018198669221e-01
6.436857851907973327e-02
-7.238444342114291885e-03
-1.033809301727615093e-01
3.003146908840115259e-01
4.830526862410877698e-02
1.813197585579615634e-01
3.015960470422029971e-02
-4.609107883166174702e-02
-1.256082302228449521e-01
-9.014384446608403323e-04
3.282204828489909687e-02
-7.699021283952234285e-02
2.997955054638872241e-01
-2.477642334789464940e-02
2.159985478132782077e-01
-6.352519386634369880e-02
1.573293482865523174e-02
1.120878242514748990e-01
3.975108372536695356e-02
-9.333315634598093880e-02
1.959527103801370629e-01
-1.016125021864588973e-01
-1.834655245497103238e-01
1.592130606956381200e-01
2.789876294735016415e-01
6.340399837905152935e-02
2.360879418508901040e-01
1.684479408500827446e-01
-1.092478562483911730e-01
2.910342306340680807e-01
-8.137010729994997860e-02
-1.363611011986236576e-01
1.385962347748304069e-02
-1.810814402760989594e-01
7.680854566136119388e-02
1.415554418092668243e-02
-1.244403779754286177e-01
-7.158097199408430811e-02
3.691617136951208522e-03
1.377780812757123385e-01
-9.071692383159657425e-02
2.668002482329576708e-01
2.520905396870887216e-01
-2.157458351552605791e-01
-8.879115124247860535e-02
-3.969464407167215825e-01
-1.601286577474461126e-01
-5.185385602325709442e-02
-2.351029300431761726e-02
1.073284852279208224e-01
2.749370834707676181e-02
-1.380473325253213090e-01
2.167599130639565885e-01
-2.775250358365362047e-01
-1.107507362849666777e-01
4.564407942453385658e-05
