# Delta chi2_r = chi2(OU_r) - chi2(LCDM), thetastar, theta20_Delta0.05, sigma_X=2.506316e-02, NaN = rho_DE<=0 (reading (a) broken) or CAMB failure (see resumen.json)
5.969884951435216358e+00
4.646210575290957934e+01
3.887293231991489506e+01
nan
4.724160894527315691e+01
2.984464287536894389e+01
4.213723886840905664e+01
nan
nan
3.922920530419333307e+00
2.623954803396415070e+00
1.025832027569385074e+00
3.943200466587506270e+01
6.308198185496843280e+01
7.650354123943865936e+00
1.552470868156737538e+01
2.865390307664402947e+00
2.509677891009128814e+01
1.125608755617416135e+00
6.975965715022022451e+00
1.319049551899112416e+01
6.383498089217428451e+00
1.457569638214187835e+00
-3.062706611176881089e-02
1.636822558160096752e-01
nan
1.120881524578208221e+00
1.165924196122572987e+01
1.060221169380319628e+00
5.211035834828400937e+01
nan
nan
1.048149503432602359e+01
7.920448918646320635e+01
3.504286596857395608e+01
5.793938825348671884e+00
2.293677724384635042e+01
3.579388898257629137e+01
nan
-9.321981434695830737e-02
1.473954581607926695e+00
1.777894236505950332e+01
1.661380138243278992e+01
nan
nan
5.797876394293670188e+01
2.025785456896805226e+00
1.089557407910842457e+01
2.653268730800695963e+01
1.290551430504498220e-02
1.195175515593012161e+00
9.830634309012609151e+00
2.684196716437062147e+00
-3.075236116601931524e-02
nan
7.329417934694855319e+01
nan
7.579230532916709251e+01
4.530460803416580973e+01
1.824715696727602676e+01
nan
4.974919868496912478e+00
-3.740251159914352586e-02
nan
8.535514794612346634e+00
1.455476541634797449e+00
1.004280651988818462e+01
9.905146034642409170e-01
nan
1.247617055027239452e+01
6.855974318685011948e-01
nan
1.354133453568337764e+01
nan
1.451601025625314512e-01
nan
1.728115588576173778e+01
7.976548600647809906e+00
8.640155136671786584e-01
1.165322044573226812e+01
1.830024940924726806e+01
nan
1.836531476950272468e-01
5.463772220523857470e+00
nan
nan
1.363181388547056727e+01
nan
4.564990554000917911e+00
2.221779162595669632e+01
8.631012255411956158e-01
nan
nan
-8.603129490810837443e-03
2.139358152957556314e+01
nan
nan
3.222438148052528817e+01
3.009940633265581411e+01
1.627306231680879955e+00
4.706079982559296937e-02
5.093493686182263280e-01
2.235450754029032761e-01
2.385525463995059159e+00
7.257984592897921416e+00
2.153097554165148608e+01
nan
5.740771725027723704e+01
6.845348951330383791e+00
nan
nan
1.824281699762257292e+00
3.488305859019627775e+01
1.212141071610980525e+01
6.782196648094176439e+00
4.260886355247748725e+01
3.920338522536932491e-01
nan
-6.749653761939147789e-02
1.226860146550655628e+01
2.787787327332361897e+00
3.158572653236039862e+00
3.093612855068534984e+01
nan
nan
2.361213282883547759e-01
4.514322207480594074e+01
6.671630695775048636e+00
6.518457696746537522e+00
3.480889958736557710e-02
1.885804833995152530e+00
nan
nan
nan
1.801617245897164210e+01
nan
6.616863368129025957e+01
2.292274970449111393e+01
nan
4.767863736731133883e+01
8.366909398981053414e+01
5.934657500727496426e+01
2.844244258879263132e+00
3.900373849430680195e+01
1.891541721669233311e+02
5.974220698735533297e+00
nan
8.642285148423872743e-01
1.003914883995717666e+01
3.375950908582294119e+01
3.978178575972997510e+00
2.247862227388918832e+00
nan
1.410549571976447858e+01
1.502542433967555091e+01
2.193272103008825080e-01
nan
7.415615474355693237e+00
2.445483142828558665e-01
1.573087318877291807e+01
2.143698573297466226e+01
1.036192823843953370e+01
2.236753978991154312e+01
7.333706723724729670e+01
9.880876765297593067e+01
1.847503181587045296e+00
6.613994348008274571e+00
6.782714887179237451e+01
nan
7.349384045450115366e+00
1.541971515022846573e+00
6.068947396340932698e+01
nan
1.516231938283572767e+01
4.972717025759251008e+00
nan
nan
3.055481818970891084e+01
nan
nan
1.866378635837603994e+01
3.248719376308007867e+01
1.044379794823384522e+01
7.024805159874338401e+00
3.402284248891194096e+01
3.885420232367978066e+00
8.606804789909169529e+00
nan
6.573840797235621380e+01
7.848927279422356129e+00
6.446033002082280916e-01
1.384039111704732372e-03
5.540525344173228284e+00
7.558620683997824941e+00
1.002610602640583437e+01
4.284551060610668927e+00
3.011907143464858194e+01
3.944388931946142662e+01
2.966875612258977890e-01
3.668557888565791814e+01
