# Delta chi2_r = chi2(OU_r) - chi2(LCDM), thetastar, theta20_Delta0.10, sigma_X=2.506316e-02, NaN = rho_DE<=0 (reading (a) broken) or CAMB failure (see resumen.json)
3.550386385573358616e+00
2.130506140769136536e+01
1.491778282676416367e+01
2.501887123752892705e+01
2.545491239369671987e+01
1.826549123778654860e+01
1.385123481151171632e+01
1.767674767213195663e-01
4.501675559358519152e+00
1.002696972171502665e+00
1.943854423841092860e+00
1.020096319104666360e-01
1.704776218412325051e+01
4.931454600049969628e+01
2.104761987108807464e+00
8.300137026172833998e+00
2.897502110529293962e+00
5.647400213777536315e+00
1.060747916090489129e+00
1.138059673430392671e+01
1.390765779342734376e+01
2.187462412085557517e+01
1.239464181233948858e+00
3.228816420793137354e+00
-9.403931886214068891e-02
5.002982636276636086e+00
9.902231962982697144e-01
5.412417712088289257e+00
7.660055517237826628e+00
4.258967398101196622e+00
1.372416974192482186e+01
3.969468917471641589e+01
1.865381556761041892e+00
6.374600926626676767e+01
2.386147764320087816e+01
5.823752576616677779e+00
2.294191609572448165e+00
2.033649452789626721e+01
2.055700940377235497e+01
4.605070449731027971e+00
8.343829558737922980e+00
1.603717309070078656e+01
6.165334075557042937e-01
1.155742969257544661e-01
3.317636302836291851e+00
2.178664840656448476e+01
1.519438618571375743e+00
6.975685470686055822e+00
1.400104155695732544e+01
7.700582385452670042e-02
7.205628571429836704e+00
7.505179394822386385e+00
5.891631481288833960e+00
1.238157567661601011e+00
9.270582638193644698e+01
6.230792516465991326e+01
5.145451627231853453e-02
3.854151463987860637e+01
6.687302410319222901e+00
4.998402591671077921e+00
8.069769070768374775e+01
4.418650935276573488e-01
3.486261447386754586e+00
1.922136862110467703e+01
7.389931575950251519e-01
9.761873425825267070e-01
3.328588700370683551e+00
-9.500612849911042879e-02
4.255325709767191711e+01
5.431755784498172090e+00
4.563775273104436758e-01
4.615570557966804932e-01
3.456002444644076022e+00
2.598457985733441689e+01
4.432015771200832788e+00
1.374245504838981002e+00
3.614739468593978433e+00
-1.873175459159889811e-02
1.355040374543113879e+00
7.247461368204387355e+00
6.425339844553164426e+00
6.428509143530314773e+00
2.290455439242677638e-01
5.243033065271282211e+00
2.284107314646073028e-01
2.058799976002416443e+01
9.600523646929682187e+00
1.158874243623322364e+01
6.074062833481790769e+00
1.359824164168293947e+01
5.611251407361885768e-01
2.179973163499414568e+01
1.070187669216468240e+00
8.955600244698693757e-01
4.132889669010435973e+00
-3.694146992505586979e-04
-7.180671296957524818e-02
8.351902740046504903e+00
3.355257094653319783e+00
3.021441383085461396e+00
3.176274898128409685e+00
2.833242170848796704e+00
-9.776079992435279808e-02
1.695342240616469986e+00
1.061948947209873317e+01
1.108874754864271894e+00
1.102880357173030923e+01
2.320208300410814317e+01
-3.241182918980918537e-02
2.132520888482355659e+00
3.429040543375199945e+01
1.571033872211381910e+00
8.107893335502081023e-01
8.902331053605242461e-01
6.187756041899236115e-01
2.240521903249371150e+01
2.041934041867527228e+01
3.163641492308944869e+00
4.466847491357207600e-01
1.062926655371699347e+01
4.097110127040332062e-01
5.064205174564504475e-01
2.638840781294416260e+01
3.594289129299457208e+00
1.059735482788904060e+00
6.274159595916048993e-01
2.899551937777446398e+01
6.999498078244603683e+00
7.463522096190819965e+00
3.498912348599279021e-01
-7.833873756926609810e-03
2.553990258665052027e-01
6.426730299660192713e-01
2.363589880467855764e+01
9.867072195856469108e+00
1.302527405214985556e+01
8.632058889045039152e+00
4.120023664314916623e+00
3.978360398708097545e+00
2.192371034706550859e+01
5.654521933630970665e+01
3.055319805745431339e+01
-9.890743880519498044e-02
2.834754333417016881e+01
2.975016010542534417e+01
-2.532807152622740254e-02
1.431356136767041987e+00
7.294085191118758082e+00
1.351725380456951564e+00
1.848303065589373517e+01
8.351874605482727532e+00
1.489937578292441556e+00
1.403607915841398990e+00
1.768297410740370523e+01
2.431630591593572976e+00
1.419891659845927412e-01
1.018808042091435517e+01
7.293629288374496866e+00
4.763239220319973044e-02
2.280579158919656013e+00
1.592608196678799004e+01
5.966517684956712309e+00
7.215059715180642819e+00
3.016255979467465664e+01
7.520651180091246601e+01
4.948601874709505077e-01
3.779241069971982503e-01
3.161726026593682803e+01
1.025984050029027372e+01
5.100670133668268047e-01
4.130977376847485560e-01
2.403839379478797156e+01
1.880092553127959532e+00
1.376889146994594526e+01
3.399218394383247688e+00
2.164841399368573061e-01
7.081827991966748392e+00
2.589868537284054639e+01
1.438203544823650937e+01
3.809562768172631841e+00
9.247337391996918399e+00
8.659298724356570887e+00
3.534826478327063537e+00
4.968211622260485072e+00
2.082277497403241284e+01
-4.960355338404692782e-03
7.189760873105206507e+00
-9.910004199230336430e-02
2.928749541601693096e+01
8.881438728991128406e-02
9.852699930795219552e-02
9.717211533549796609e-01
8.250366967300262200e-01
2.927963628339840696e+00
9.078388903297184953e+00
-7.793704510399315777e-02
1.617324244431799585e+01
1.608745743961092600e+01
1.376538183689686445e-02
8.090795001857513213e+00
