# Delta chi2_r = chi2(OU_r) - chi2(LCDM), thetastar, theta0.001_Delta0.10, sigma_X=2.506316e-02, NaN = rho_DE<=0 (reading (a) broken) or CAMB failure (see resumen.json)
-7.121465926000249136e-02
-1.002540364048760124e-01
9.498864523968630902e-02
-1.182427636393279524e-02
-8.895134702673319904e-02
-3.963553166160589669e-02
-4.164836078993969237e-02
-5.326795588608065207e-02
-4.144671737060830891e-02
1.109740586171140686e-01
-1.002270104073997442e-01
-6.311322883464616507e-02
8.536184952664591097e-02
1.266595206811744201e-01
-5.432804038058287877e-02
2.263374458060953553e-01
1.228424506994741094e-01
-8.717560537488468209e-02
-1.433597756384490107e-02
-6.947902876092486302e-02
-8.647254485142341629e-02
-3.424814598594397297e-02
-5.304207116118240389e-02
1.713178799014576648e-02
-4.629679351951999922e-02
4.594060856856324593e-02
8.060352846253199255e-04
8.676092979461327848e-02
8.399625524790366171e-02
-8.046090593971592930e-02
-1.896892270905110867e-02
7.955758444056140744e-02
2.187649005229505561e-02
1.279506788087086400e-01
6.304585220882080732e-02
1.045710157173515564e-02
-2.530949646920299667e-02
5.409397463350726354e-02
1.339582963281045203e-01
-9.013670436531392993e-02
7.610242275005077439e-02
-8.986490384064765857e-02
2.526490407843595687e-01
1.553523402709257317e-01
1.431711216937110176e-01
-7.512237915426978052e-02
8.837179892373836498e-02
2.446777877234242726e-01
-9.499157088628881751e-02
-9.363507721095952474e-02
-5.907094501346438209e-03
-7.582465865038594266e-02
4.157326333124386486e-02
-8.246530168377352865e-02
1.747003847491269413e-01
-4.233742544573156769e-02
1.314996599783666009e-02
-3.554952310319048348e-03
-9.742819482616946192e-02
4.496822454018201132e-02
-5.602681361030915907e-02
8.999145545751915942e-03
5.538538079050381313e-02
-3.261491728816651170e-02
1.626343397726211226e-02
-9.695741209013428175e-02
-7.873717643323746573e-02
2.723818297768832997e-01
4.463725525362310931e-02
-2.850097844889376564e-03
-6.287962739137195611e-02
-2.545250276841493076e-03
-2.403419620267664703e-02
2.313842607727870926e-01
1.184571873895622629e-01
-6.385387871927414305e-02
-4.695007835304617488e-02
-9.116480407953010678e-02
9.240557541457117274e-02
-7.617122829848199661e-02
7.141187177323155000e-02
-7.714709010707965220e-02
-7.819629701129848787e-02
-7.046130663487978896e-02
-4.844575568061017246e-02
-5.571845079581825427e-02
-5.707251821235451161e-03
-6.042917436342833820e-02
4.358982827163565554e-02
-3.777483142365052615e-02
-6.104458823991976146e-02
-8.489151350027206167e-02
-3.377533815835394304e-02
-8.735793699805727286e-02
-5.727730258780942829e-02
4.636396708756368445e-02
-5.330525102303838858e-02
2.446367641016162497e-01
-6.826075471938833350e-02
4.391268781688439926e-03
-4.004131387789146984e-02
-2.766955985668635709e-02
-9.270633067835723495e-02
-4.408203198776406567e-02
-1.729703460846293561e-02
-9.975123648487814465e-02
7.676887279557931265e-02
3.132810079828549088e-02
2.065564379711332388e-01
1.523221132226331431e-01
3.361548806332218531e-01
-6.675666064186572268e-02
-6.593254699013917364e-02
-8.957405835962180263e-02
-8.643978714746169967e-02
-3.587897418593259669e-02
9.133835483469801564e-02
2.641244143450258708e-01
1.519778863705616156e-01
-2.311401538956163459e-02
3.390267919597639290e-02
1.287364191419911597e-01
1.111295837462062119e-01
9.754468625063639209e-02
1.251068550371831067e-01
4.645414822764440399e-02
-4.230851489039597069e-02
-6.415138325347508053e-02
-4.024813170846878313e-02
-9.858962495658230019e-02
-8.961700602296092388e-02
-8.491673042713240860e-02
-9.726068388107010632e-02
7.742088881518002785e-02
4.700504508400771275e-02
-2.267469362947661937e-02
1.145100677857113780e-02
1.205542469149756546e-01
9.968178395056265240e-02
1.486377742701792126e-01
3.311907162952503203e-01
1.027563925233823672e-02
2.229883497070950515e-01
1.445049732247875862e-02
9.890261772264008489e-02
-4.891963981933239447e-02
-2.748853544565074691e-02
1.829806678576710033e-01
-1.537299213687823296e-03
6.269701262273302822e-02
2.058918096873677828e-01
-2.517187452526851998e-02
9.783361362224865521e-03
-4.405079967823684328e-02
-1.965432410951595266e-03
-7.826304624839557078e-02
3.483481608559236831e-01
5.603117629472964545e-04
1.576432488736168869e-01
-3.037273963845205094e-02
2.679083322728789684e-02
1.324658690095424640e-01
2.229249543179594728e-01
-7.323444476641829959e-02
4.160619865653053528e-02
-5.237032653578729824e-02
-8.211888439346919089e-02
1.618812749833764275e-01
1.305024875756760905e-01
4.802489873702361911e-02
2.168723112281325804e-01
2.172564304983647665e-01
-5.616218823866233473e-02
3.171960459653380138e-01
-2.036353541937714617e-02
-4.565158480021094117e-02
1.649316791029216411e-01
-8.767355418909936193e-02
5.032504908841808899e-02
1.046515816653252051e-01
-6.948892281261154213e-02
-9.359651119091556837e-02
3.025067571171638492e-02
1.796596067640962302e-01
-4.935987573535906975e-02
3.579201251257958516e-01
5.249050473815719542e-01
-6.161134410113756898e-02
5.436661740887488437e-02
-1.002481395362751770e-01
-1.894593696034094221e-02
-2.844453697127491409e-03
-1.069614488941238173e-02
7.477417554643184250e-02
-6.842752098857415866e-02
-7.869598474433812940e-02
2.311386683488655114e-01
-8.752566660958942257e-02
-5.694362401260719131e-02
-9.180763062137027586e-02
