# Delta chi2_r = chi2(OU_r) - chi2(LCDM), pp, theta0.001_Delta0.10, sigma_X=2.506316e-02, NaN = rho_DE<=0 (reading (a) broken) or CAMB failure (see resumen.json)
-7.715821528098132376e-04
-2.151194263918299043e-03
2.223222115395273590e-03
-6.074623827032610279e-04
-5.157943244675777805e-04
-9.449579014031428414e-04
-2.260509635227947456e-04
-1.813310265532663834e-04
-4.708120788539105206e-04
1.245445571631975668e-03
-5.069979787606371247e-04
-8.095122543316790598e-04
1.625709836577726719e-03
-7.524274576944378623e-04
-9.244534580705732196e-04
1.264394284957504055e-03
5.778493401908946225e-04
-1.325231143468386108e-03
-7.632743790217944024e-04
-1.510009061780337447e-03
-5.629744004895798071e-04
-2.022492211400717110e-03
-9.194345318483954088e-04
-4.898947219924565388e-04
-3.289876261298729787e-04
7.228904232885469128e-04
5.173980228434515993e-05
5.208708610133783168e-04
2.305379323374268097e-03
-7.805024261031690003e-04
9.174267448255335466e-04
-1.013439942465055310e-03
3.325078725833208182e-04
-2.803440057785877570e-04
-2.319173088665138494e-04
1.082469163630861431e-03
1.511199165964427493e-04
4.522390658205921454e-04
3.766977120225334374e-04
-1.601167376536594134e-03
1.567160267850198352e-04
-1.823654145891140388e-03
9.522238530745852358e-04
1.181935009526569047e-03
6.040414580255060173e-04
-1.412009055759000375e-04
8.600706268460101001e-04
1.039759356894265352e-03
-2.294875987281841390e-03
-1.551221611723718752e-03
-6.362035006901578527e-04
-1.849299809537185979e-03
1.137522202800056448e-03
-9.949162048403792369e-04
-4.646028333095131302e-04
-1.857209843132423543e-03
1.360978133231327547e-04
6.253305360601757457e-04
-1.250060550761489253e-03
5.228235736840503023e-04
-1.902138204961545398e-03
1.135286175752980853e-04
3.871634144445579295e-04
-2.131470386395051264e-04
3.038030911586275806e-04
-2.142855150838229861e-03
-5.764424717220606453e-04
1.060845454968983859e-03
-3.156305114941915235e-04
5.698104884519494817e-04
-4.767094717124109593e-04
-1.049846507044094324e-04
-1.734639163863960221e-04
6.932292218486679758e-04
1.800197072476805715e-03
-7.372159310499171170e-04
-4.413422130848942970e-04
-1.310398337102114397e-03
5.181760799626289327e-04
-9.109305486756369419e-04
1.095985492533202432e-03
-1.010947344592949548e-03
-1.379686744424901690e-03
-3.126675231506226282e-04
2.203776835347781571e-04
-1.620252484915596369e-03
-9.467588642166901991e-04
-1.296187471888643472e-03
8.008316617349464650e-04
-1.098061068873334989e-03
-9.557170252350033479e-04
-2.571660239807371795e-03
-6.204499888227132942e-04
-1.577633825009527868e-03
-4.141027629760429818e-04
8.375212621700711679e-04
-6.344572956198391012e-04
2.647957231646458354e-03
-9.052725377785009186e-04
-3.533755905156255039e-04
3.667508412590336775e-04
3.699482747698823459e-04
-1.968123407918298540e-03
-4.415676351072761463e-04
-2.829834381365969875e-04
-1.676384820148868471e-03
-4.565219374264017915e-05
6.023007243829425761e-04
1.014977752703316582e-03
9.638566970266992939e-04
7.891147005452125995e-04
-1.193513831248438350e-03
-7.505397725804385800e-04
-1.141362867727480079e-03
-8.749747636063176515e-04
-7.863310691771374650e-04
3.393684504828797799e-04
1.079644206466667811e-03
1.227707835429470151e-04
-5.093927417334498386e-04
3.087353162403161377e-04
9.929767739453865261e-04
1.448377072881257277e-03
1.478185743708948507e-03
9.628014468976431317e-04
-3.647746612891467066e-04
7.997064295697242642e-04
-1.355725097216264885e-03
-1.287666146433608105e-03
-1.766224664111248899e-03
-2.546689416840663966e-03
-1.192048205485463086e-03
-1.013053121743823226e-03
4.194077420276443036e-04
-1.584412342836571952e-05
-2.618858756099129437e-03
5.036962947908563137e-04
6.410852543989875585e-04
1.549233148807616089e-03
1.628885127171741942e-04
3.943172399978323028e-04
-1.100054181772947004e-04
1.391314579620939185e-03
-7.358331415829866273e-04
1.384078007156119838e-03
-1.228494341356523023e-03
-3.885259947278285608e-04
2.137549232976709845e-04
-6.471706308772695593e-04
2.229356277716476598e-05
1.159599602466698798e-03
-3.868058268974294833e-04
5.721975392667388860e-04
1.892677679684595660e-04
2.194135916901984729e-04
-1.244329429987089952e-03
1.484394957108392532e-03
-6.240899391514176386e-04
4.758888916907011435e-04
-4.790213879459770396e-04
-1.294105195288608456e-04
8.864991670627375697e-04
1.737785649687850764e-03
-9.604233073901013995e-05
-1.423671156977945884e-03
-9.248833208399531713e-04
-9.246807745295626546e-04
1.496045049945493588e-03
-3.968007726182776196e-04
9.350582457212652798e-04
1.158546619462796912e-03
1.781870264570883933e-03
-5.075123843933937451e-04
5.660755210552537164e-04
2.002610845455166100e-04
-2.859644830870422538e-04
1.168159348347685977e-03
-1.771642248131755082e-03
5.388319991421752775e-04
1.369489961327019500e-03
-3.557447367832367036e-04
-1.304416653278295257e-03
3.622334866442145085e-04
7.452749605274533451e-04
4.516884705321189131e-04
1.811348219204589327e-03
3.078710300671971822e-03
1.126538737974414062e-04
1.092416027882237017e-03
-1.376779998839339214e-03
3.335917090101503391e-04
-2.648730356842321498e-04
5.024497527728044588e-05
3.175299733282344050e-04
-1.314484422136885655e-03
-1.177012662486376371e-03
1.903740385209573560e-04
-4.450729333687064582e-04
-3.061681156530937642e-04
-1.525364404391993389e-03
