# Delta chi2_r = chi2(OU_r) - chi2(LCDM), TT, theta1_Delta0.05, sigma_X=2.506316e-02, NaN = rho_DE<=0 (reading (a) broken) or CAMB failure (see resumen.json)
-1.478705222382217244e-01
-2.839898030354248704e-01
-9.269705013322138143e-02
2.178250823714478202e-02
-2.588827413945793410e-01
3.024684102264885155e-02
6.730833460205687402e-02
-1.887364334833918633e-02
-1.055317697659354792e-01
3.341182115545038300e-02
-4.912055316965862062e-01
2.213515747797600852e-04
-8.152204387098649363e-02
2.109684959859450260e-01
-1.178684317426714756e-02
2.124290717793009264e-01
9.776742291290574371e-02
-1.652738896828829240e-01
-1.895872361224704150e-02
-5.478980726953395219e-01
-1.192810667690018533e-01
1.356292816451691863e-01
-2.538551273451972179e-02
-7.973158072871910917e-03
4.837580013845155236e-03
5.588113397215366263e-02
-5.494389736496785304e-02
3.947494458249423133e-02
-1.738432596907379946e-01
-1.761959215597528328e-01
-1.726100861738864012e-01
2.764870478370049511e-01
5.751311082349275239e-02
9.557843451282721503e-02
6.054778943881444775e-02
-1.454435814754404532e-01
-9.118821427367862498e-02
5.780868332415423083e-03
1.677092683435610354e-01
-1.671255247242875441e-01
1.252056322788845932e-01
-1.486208886481072966e-01
2.517817040544407803e-01
9.809195170966233945e-02
1.390764570126492572e-01
-2.375692092651924270e-01
1.399806527742484263e-01
2.362122706047173892e-01
-1.174963923675100830e-01
-2.528582389300346733e-01
5.631920403459389490e-03
4.717261174331355278e-03
1.916744775240175613e-03
-6.386299848552923208e-02
1.927943031054724088e-01
1.096183321315358228e-01
3.456904017966166975e-02
-4.697327474464785269e-02
-3.011079526404927265e-01
2.718384795124251241e-02
6.508402110921451822e-02
-3.261640820825562059e-02
-6.491207486139671801e-02
-2.082473232843788935e-01
-1.556896836510546223e-02
-2.133169870268574186e-01
-1.863576632692485191e-01
2.777028712241360608e-01
7.381542987916844822e-02
-9.601765077743351640e-02
2.393821587257605188e-02
4.712330020218757909e-03
2.539063158526744246e-02
2.092256504490634939e-01
7.534655724800387588e-02
-1.047014328031679042e-01
-7.968960767249910759e-02
-1.582209852316154297e-01
1.611480968436431738e-01
-1.922701450212151997e-01
1.667610571899658112e-02
-1.965787278064361487e-01
1.382936447521743162e-02
-1.141595479894377263e-01
-1.694942361674947051e-01
3.699010566614191475e-02
2.142172006854572430e-01
5.376724948187927566e-02
8.043284516437054776e-02
-9.780946381224353559e-02
5.772082398518563195e-03
1.020905243023051412e-02
1.597253248137988635e-01
-1.872708437298697959e-01
-1.296236399987300558e-01
-6.030655191536382631e-02
8.459764566612548720e-02
-2.191745598639727177e-02
-1.942387583090621206e-01
1.144135953798439687e-01
-1.886540089753303562e-01
-1.282815321897352590e-01
-1.115831872169792405e-03
-2.593134685555753549e-02
2.660070032585792887e-02
-3.630671270346397250e-01
1.424092491449542308e-01
3.541215824644439181e-02
2.094081653533059750e-01
7.125908211021680927e-02
3.724104151931229012e-01
-6.096109191073040279e-02
-2.257815667230964607e-01
-1.829218579154172630e-01
-1.974357075976911347e-01
-8.955198460670388272e-02
1.581784289190935056e-02
2.781300160340727246e-01
3.271736140043088881e-01
1.439269123626019109e-03
-1.704446083195421124e-03
3.837958144773523372e-02
3.420207873024949663e-02
-5.259322318590164969e-03
9.275346943020679191e-02
1.714663300756846809e-01
-2.389238404016076345e-01
5.027124655708092860e-03
8.042965942003021951e-02
-2.280352795521558562e-01
-3.161292297899969128e-01
-1.960899811201031184e-01
-2.996099991252876293e-01
5.876848541985424390e-02
1.697189904884801592e-01
-4.741644629277566025e-01
4.782337658786062207e-02
8.454025647402119148e-02
1.111663279940451332e-01
2.420304382252318476e-01
3.851212218889834560e-01
1.592257148504927500e-02
1.179115867261408823e-01
1.228259941612925843e-01
3.281132212368476075e-02
-6.349574173725613946e-03
-7.123080771124534749e-02
2.830881757913132901e-01
7.934617119388320816e-02
1.699122122924698886e-01
2.404984920217856370e-02
-3.028522299099378756e-02
-8.968127561406546988e-02
-7.408860758889801446e-03
1.145879093036583640e-02
-8.424328075868459109e-02
3.387209414000658114e-01
-6.875155246341080328e-03
2.323937838568745917e-01
-8.571826808923788121e-02
3.756946909313185756e-02
1.315267095591856616e-01
5.172455545834964141e-02
-1.068261542203572390e-01
2.088335452689378258e-01
-1.247679233298946144e-01
-1.974646472296868183e-01
1.409630945549729120e-01
2.792067674168023927e-01
3.569444583244063551e-02
2.440166520480246959e-01
1.420592439243044680e-01
-9.383079274364192202e-02
3.144312072304877859e-01
-7.529650293894718516e-02
nan
7.145337748251989751e-03
-2.168408719322911793e-01
8.589084918676093139e-02
5.464114139483555732e-02
-1.148342964622024454e-01
-8.226889006944659855e-02
1.488317195119392977e-02
1.444941457734145729e-01
-1.243229760111361770e-01
2.984435455163279016e-01
2.370799385191340036e-01
-2.027013645309558854e-01
-1.012197871878726119e-01
-4.400010942615963927e-01
-1.606304385780177313e-01
-6.953689477048285994e-02
-9.341289752896386744e-03
1.404051747758359170e-01
2.326067204143100753e-02
-1.538612684335980418e-01
2.729390366583963612e-01
-2.824094733535709167e-01
-1.101959773665832643e-01
-2.888737478966518779e-02
