# Delta chi2_r = chi2(OU_r) - chi2(LCDM), TT, theta20_Delta0.10, sigma_X=2.506316e-02, NaN = rho_DE<=0 (reading (a) broken) or CAMB failure (see resumen.json)
1.988952105856967023e-02
1.180406145063059853e-01
-1.612435587637612855e-01
1.424443978078429041e-01
-1.786392524119015945e-01
1.196333524937749360e-01
-1.328292627474034759e-01
-5.049549789263707567e-02
4.828377756125590281e-02
1.746859815099810476e-02
-1.131549405168605915e-01
-2.698834886669843058e-02
-1.385947159662137551e-01
2.488408742657597372e-01
3.301728679010906831e-02
-6.846803348600971617e-02
4.373835261644387629e-02
-7.083596375482059671e-02
5.173290708120958925e-02
-1.793283816648916229e-01
-1.499869962174464888e-01
1.912488757996122501e-01
3.160602263972833725e-02
7.227246146463883747e-02
-2.114858669484576126e-02
-7.870069946370250591e-02
1.592187888162399645e-02
7.484909443525111783e-02
-1.435143335444983848e-01
-8.775891586512329923e-02
-1.540747914285454101e-01
2.488273241248251111e-01
-5.241387240200978681e-02
2.646038306962239517e-01
1.705475489509389320e-01
-1.129768774761537031e-01
-6.788677899068318311e-02
1.207736560101722034e-01
nan
5.423250760168230045e-02
9.959596794718450496e-02
1.188390989463599112e-01
1.195126079661079643e-02
-1.757717354935905973e-02
5.916371772865147705e-02
-1.731088309111186163e-01
-4.859713702147416825e-02
8.857768598507220759e-02
1.184420114236530708e-01
3.176795494464812464e-03
9.178019242599333438e-02
9.500801660730218146e-02
-1.058991895870597943e-01
-6.336161931928430135e-02
3.339250566624976102e-01
2.644551622418340742e-01
-1.853745580345744770e-02
-2.032257157886796506e-01
-1.018982546503828246e-01
-6.907831145608156476e-02
2.885240943609410635e-01
-2.498046009890586561e-02
5.612149360457507896e-02
1.130707604536773658e-01
-3.958233318228465691e-02
-5.729806840979989602e-02
-9.551270205232853527e-02
2.907051862134579778e-02
2.050526100901812754e-01
-9.666427467721305788e-02
-5.719991765406717832e-02
-1.527044345860062435e-02
-6.363263926591855579e-02
1.729659435708050808e-01
-9.373981206113413123e-02
1.572735518530876675e-02
-7.293102354999092540e-02
-3.079743619974451008e-02
-2.929031756875843939e-02
5.145093571598735593e-02
-9.293503249233836527e-02
4.883127138482024066e-02
2.224194037204085816e-03
-1.078736381380593912e-01
-6.058340712139909101e-02
1.535544461244739978e-01
1.086179050568603088e-01
1.018619515191794278e-01
-9.193429540641773201e-02
1.303317707494251465e-01
1.155179905536130036e-02
1.722042076626699725e-01
2.554966336138875249e-02
3.495152824417857573e-02
-8.290542834431491315e-02
-9.829770257752556972e-03
-2.422558189352841396e-02
-1.179490355228267617e-01
-5.631761360443121589e-02
5.210557379581004511e-02
-9.234494171660045936e-02
-7.911557120671020016e-02
2.702788966750802047e-03
-5.000680706269022835e-02
7.580054050980677971e-02
-6.384220681533037123e-02
1.186155944885634028e-01
-1.454625233430206777e-01
5.916211162819706715e-03
3.330410479919265754e-02
2.211532990013687083e-01
3.548068812779092696e-02
-2.744895686639381438e-02
-4.729055598144071837e-02
-6.040639126717550766e-02
1.341198617785082092e-01
1.425119267162067160e-01
7.485436235528197813e-02
4.090654450786956886e-02
1.005531694224792716e-01
1.469211516373292170e-02
6.769603633284049238e-03
-1.594247138945057429e-01
-7.613976362075192128e-02
1.088277485910182918e-02
4.571616747582751827e-02
-2.056756143632760825e-01
8.273454964504622922e-02
9.656955151346835464e-02
-2.836688424944000531e-02
-1.341900209107649289e-02
-2.700216513810715924e-02
-6.838930768357798229e-02
1.461850610243011772e-01
8.997552623207027978e-02
-1.610354323030520618e-01
-1.114010235485061173e-01
-5.563463726613449012e-02
-8.841162896379728409e-02
1.510719232345998364e-01
2.860826873048836205e-01
1.466150408431019514e-01
4.620019302585376408e-03
1.788913713539308503e-01
-1.684038877189486527e-01
1.468299561756936100e-02
3.743846535246575513e-02
9.878270318049686693e-02
5.319001529337086254e-02
1.298909027774186598e-01
9.069436679511611032e-02
-3.849931541383710965e-02
-5.822055873998621678e-02
-1.627682096114106969e-01
-6.718602371221393810e-02
-2.541887692326483261e-02
1.205037108695314885e-01
9.923332460553524470e-02
1.576999640704457306e-03
-4.641280473199316248e-02
1.222821920796484108e-01
-7.519246682850777574e-02
-7.850718561680736229e-02
-2.031869171821867326e-01
3.159855120297478948e-01
2.726963957591976850e-02
-1.132243542390654056e-02
-1.792275666511962129e-01
1.291548688641448450e-01
-5.442221441189332154e-02
-1.661329941036626678e-02
-1.571385207479210067e-01
2.021570501023006727e-02
1.743669346456613312e-01
-7.604028897427994593e-02
-3.084597189248938776e-02
6.539759352368790246e-02
1.422798780989289469e-01
8.909659767952504694e-02
-7.009302391141858379e-02
-1.186704599333410215e-01
-1.089370771437643270e-01
-5.975731374122972284e-02
7.487396627737297194e-02
-1.805022261207049894e-01
2.886139566770751230e-02
8.429125193636366475e-02
-4.322658648686328320e-02
-1.697560306673935315e-01
-5.736214651278714882e-02
-3.823406364858783490e-02
3.611992649352657736e-02
-3.932315431859478849e-02
6.275499314204679990e-02
7.573333395699322068e-02
-7.623450087304917133e-03
1.722028627517886434e-01
-1.567823167220581126e-01
-1.441768763038808743e-02
-9.902020601568750635e-02
