# Delta chi2_r = chi2(OU_r) - chi2(LCDM), pp, theta20_Delta0.05, sigma_X=2.506316e-02, NaN = rho_DE<=0 (reading (a) broken) or CAMB failure (see resumen.json)
-1.683276415727874564e-02
-6.818094418493458875e-03
1.062802825701680831e-02
nan
2.890225838030957561e-02
1.554554087491943903e-02
2.910248225703071512e-02
nan
nan
-1.348201509012270094e-03
-4.247969160251230392e-02
-4.717094064783822205e-03
2.861995578300557952e-02
4.843977822193874516e-01
1.622882282421906552e+01
3.640347696571133440e-02
1.805485621913405225e-03
2.127431179661698479e-02
1.200796110385304871e-02
-3.758894030287152077e-02
8.912138945027550108e-01
3.837429192429553382e-02
7.598112420268421374e-04
1.071404551167987051e-02
-1.063549735147795161e-02
nan
-2.654789635153420591e-03
1.295667475029915749e-02
-1.021726318645654885e-02
2.826450824748327761e-02
nan
nan
9.820546417003583883e-03
5.882963920287309634e-02
1.895189199169013960e-01
-1.481855824677857925e-02
8.390289160040254046e-03
3.988356512452995162e-03
nan
-1.839491797988657140e-02
8.610504170654564859e-03
-2.906256894922520928e-03
3.921517306365629452e-02
nan
nan
3.539146564928152827e-02
1.462719443176041523e-02
3.421402864818112732e-02
3.255860820166489589e-02
-1.071533047475980993e-02
5.180306910858689662e-03
1.591549042844775386e-02
-4.836223875868128630e-03
2.516538632040266066e-04
nan
7.018634711530147285e-02
nan
5.803470632218754588e-02
2.587652623774694405e-02
1.914254345243548983e-02
nan
8.473942683338009374e-03
-3.970342138186921943e-03
nan
4.321683713072843602e-03
-1.541586684970930321e-02
-5.014042056393108737e-03
3.013415610877068218e-02
nan
3.659633717738586256e-04
nan
nan
1.164419520114279294e-02
nan
3.102633094682136772e-01
nan
9.964553985950530546e-03
-6.662501586790270380e-03
2.660300956206818057e-02
-2.376055507498620045e-02
1.113292563774948007e-02
nan
3.169092223751945880e-03
-2.646863537011157064e-03
nan
nan
3.429891908008642076e-02
nan
5.934134717461958530e-03
nan
8.144059530152958359e-04
nan
nan
-1.219758249127345096e-02
1.237416349736975008e-02
nan
nan
1.185836181987554028e-02
2.381337145512141262e-02
1.045354466576320362e-02
-8.369280096593101348e-03
-5.203531878137823696e-03
8.212128039550847802e-03
4.444960054776458946e-03
-6.359434618911308235e-03
-2.680564573172006249e-03
nan
4.999970941410403213e-02
1.836472300089297960e-02
nan
nan
-1.300164052992158759e-03
2.306401976877303639e-02
-3.068970603980147871e-03
-1.557594227621095229e-02
1.659653389125104184e-02
-3.674631409506190494e-03
nan
3.550540436160076752e-02
-8.427238463681874236e-04
nan
-1.089559887706315067e-03
3.762585471900692369e-02
nan
nan
3.356295292509159367e-02
1.873293810756315736e-02
1.299347261852190627e-02
1.818022216117931578e-02
-3.360113976861178742e-02
-2.235189571895013216e-02
nan
nan
nan
2.802719435355349731e-02
nan
4.368762455822405855e-02
2.602979226763579845e-02
nan
9.869333981267534028e-01
1.153828030864954002e-01
2.245073064365854520e-02
1.001817319551179253e-02
3.671315069886205151e-02
1.387152481247824198e-01
1.884464489576309632e-02
nan
2.947484361175334300e-02
3.440064870200032487e-02
3.259726088355563434e-02
-9.704721836065743901e-04
1.287984171187872562e-02
nan
6.969200669583841545e-03
6.577033548619937164e-03
7.370439564654773790e-03
nan
1.363628203507971648e-02
3.503421183674682027e-02
1.792891969274457153e-02
1.191524469504301464e-02
1.914112323220784617e-02
2.336428702909820743e-02
4.396929251861081411e-02
1.062279163939141569e-01
-1.489067232038010502e-03
-8.577243736629824866e-03
5.501271826977038870e-02
nan
-5.910366693361979173e-03
2.380307720714824882e-02
5.413790850684208067e-02
nan
6.161606891861914903e-02
-3.686858397683678845e-03
nan
nan
-8.367111535802607136e-03
nan
nan
5.457399766264359187e-03
1.729776600618215809e-02
1.428826544954198141e-02
nan
1.362365518209429638e-02
4.865415842450637740e-02
2.184583701474096529e-02
nan
5.871864837069651344e-02
-2.417744456514192564e-02
-4.561306533039655164e-03
8.540828545394436588e-01
-2.325775300420218628e-04
nan
4.664515744465802527e-03
-5.894292933536604551e-03
4.340120416497708078e-01
1.633881965648775747e-02
-2.146701790668004151e-02
2.878499402825873688e-02
