# Delta chi2_r = chi2(OU_r) - chi2(LCDM), pp, theta1_Delta0.10, sigma_X=2.506316e-02, NaN = rho_DE<=0 (reading (a) broken) or CAMB failure (see resumen.json)
-4.820608357634981189e-03
1.517513034297657271e-02
2.115204168922524275e-02
-9.980961466496296453e-03
2.617069475081734709e-02
8.303738741943789137e-06
4.232878468699929897e-02
1.026381024745148807e-02
-1.352646760206077658e-02
1.424277552084518561e-02
1.055283923262173573e-01
9.493795485536082879e-03
3.596245542821563390e-03
2.975626010088383566e-02
-6.904318767473327512e-03
6.327194395736945864e-02
3.947386375460659735e-02
-1.903010798679716231e-03
-2.372394288263812712e-02
1.748287234645697907e-01
1.086499043010746846e-02
-1.288772989068753816e-02
-1.283179943678547374e-02
-2.200136318031553628e-02
1.454335112928895057e-02
2.145376764844186823e-02
-8.855442473940655645e-03
-6.691029435497597433e-03
1.629899085141595094e-02
-2.196530800091522906e-04
1.283765438899031608e-02
2.856060705610197203e-02
2.303202555834893417e-02
-9.066523377850188581e-03
-9.451354731384142838e-03
6.291266928485583776e-03
-1.755099325041697966e-03
2.107252756436750474e-03
3.829146165455021844e-02
-1.660931342012972323e-02
2.931954940971515100e-02
-1.997333812592394509e-02
6.617457867759313217e-02
2.472596182437314383e-02
1.983776085805288858e-02
1.601424536405815502e-02
4.683801559631106670e-02
6.638507249578218250e-02
-2.340238382146608842e-02
7.699014055292607850e-03
-1.521050768548271037e-02
-2.227792367953185249e-02
2.237197146064673348e-02
1.618782282470476730e-03
1.452358739265591225e-02
-1.852401744764087255e-02
1.420505508018976570e-03
1.399036772679629337e-02
2.189515893313931372e-02
9.249602021400349372e-03
-2.127862833998683811e-02
-6.825689936864165475e-03
-1.832586044911899137e-02
-1.153556396843669063e-02
1.306769786545203260e-03
7.488524281285435791e-03
7.662837649689890895e-03
9.086544905368931779e-02
-7.848579391957599682e-03
2.899769803404339541e-03
2.758710595658619980e-02
-1.011862184686229682e-02
8.508043293005584928e-03
4.396500464054753365e-02
5.020602925382178228e-02
-9.139164593932491698e-03
-2.569628042778049348e-03
-5.989187989557720471e-03
5.157241115813171461e-02
-7.002575868833460504e-03
1.783309978346281355e-02
-5.243885396783554143e-03
1.715747390678146189e-03
6.721647714021727893e-03
5.945200860210775318e-03
-1.980181973105921145e-02
5.365349832985266687e-02
-6.314211079617493283e-03
3.192516743294682158e-02
-3.067798826570822257e-02
4.495924978797916083e-05
-3.633267351136915124e-02
5.321310464305817334e-02
-1.241730548217034880e-02
-3.590121256536349392e-03
-4.410235390686523260e-03
2.954427755434529956e-02
3.062328582654849640e-02
-2.661204072213152472e-03
3.315647561040080404e-02
6.810604715118628860e-03
1.230396612704964809e-03
-1.189814314391668404e-02
-2.223814018785574831e-03
1.231232206589005784e-02
4.991931328455478933e-02
7.763376864366122732e-03
1.115223950941768294e-02
8.410575392713681708e-02
1.983054362881375710e-02
9.759824814578799135e-02
-1.558164356699087705e-02
-4.593958070920223236e-03
-2.624331522049772047e-04
1.111233465422856170e-03
-2.126708951195332986e-02
-4.808216033705292602e-03
8.596176677239419917e-02
1.306889190649389576e-01
-1.034737363767668228e-02
-3.570031545537588613e-03
1.170089722668521404e-02
1.944027671801151769e-02
6.979706770108506930e-03
3.263929084991623597e-02
2.547338945494459495e-02
1.985430214427097440e-02
-7.464293684080303137e-03
-4.016534600912891051e-03
5.960492282079954407e-03
2.366003530958060708e-02
8.453212428900513942e-03
4.780588112019579228e-02
-7.974294990448882459e-03
4.913359677037298923e-02
1.552509763790386188e-01
5.006701852935435682e-02
2.575740778821078436e-02
5.422860727851386287e-02
6.820294494631795601e-02
1.187786460332702632e-01
3.248746113019507220e-03
4.065792328612083395e-02
1.254347838461988829e-02
3.540732940092894410e-02
-2.066775438046875024e-02
-1.721346853430461010e-02
1.002640017441915887e-01
-1.048996546190927859e-02
5.552421117640093939e-02
-3.151082946713401611e-03
-1.112586467919207678e-02
-3.093722302207169150e-03
2.577627415229777341e-02
2.015433338686456466e-02
-1.024771320970430111e-02
1.119293992203544974e-01
-2.514847308269452242e-02
5.856022178706155046e-02
-1.301181920624472355e-02
-9.442065647309760834e-03
3.579972081883830981e-02
1.314008578517089632e-02
1.598740264677189771e-02
1.077056058293024421e-02
-1.998942463508512901e-02
4.273556673547673768e-03
7.335489408731987737e-02
7.707147338517472690e-02
3.727431973494432782e-02
8.602115702143642295e-02
6.777309636303385787e-02
-8.132491923086959673e-03
7.150884877055396771e-02
-1.283946814497838318e-03
-7.033631223167802204e-03
4.703166391463398099e-03
-1.461747599714513512e-02
3.010340437815628434e-02
1.380121740255724205e-02
2.885083524281739642e-03
1.055473800059658629e-03
-3.676223333144434946e-04
3.268678968528782036e-02
1.770459204941410292e-02
9.439225769105341612e-02
1.135109425493112667e-01
7.669933367463244167e-03
-1.863745980470454811e-03
9.243573419972328509e-02
-2.742684396736194685e-03
-1.816308495999763295e-02
1.644519181489556559e-04
2.513229714927156522e-02
-8.193255487327633091e-04
-1.571692597978824324e-02
3.358402243362412776e-02
3.069882515870503426e-02
-4.109921910341540752e-03
4.605816254999339776e-03
