# Delta chi2_r = chi2(OU_r) - chi2(LCDM), thetastar, theta1_Delta0.05, sigma_X=2.506316e-02, NaN = rho_DE<=0 (reading (a) broken) or CAMB failure (see resumen.json)
1.471389383857331623e+01
4.235116344468561778e+01
6.721696967142334778e+00
1.903739113339089073e+00
4.893289155703066484e+01
1.784142321948636978e+00
9.337009907419215882e-01
-9.305672494799564765e-02
4.367162701388457968e+00
2.012041552151490720e+00
1.706341348488932113e+02
-9.996706320884213293e-02
4.651023041011871584e+00
4.077107239717274467e+01
-1.000970126670233662e-01
2.802865100250357244e+01
7.837940620749033194e+00
1.719907740550698705e+01
-9.828261665459192553e-02
2.334618359650945933e+02
1.202742931279377459e+01
1.805193180378833873e+01
-7.073599808698820268e-02
-9.397940218824847591e-02
9.330023841789267247e-02
1.883074421426117251e+00
1.044309633904452639e+00
3.125037260824448992e+00
2.279460504253373543e+01
2.405452408688435639e+01
2.099838174949994496e+01
7.098595740005802668e+01
2.334057904562506280e+00
1.577537895265368917e+01
7.190613086865562664e+00
1.495922315672931191e+01
5.390560257162361424e+00
1.131335555505004642e+00
2.839272803704762183e+01
1.522340374670412722e+01
1.528486709705358848e+01
7.660001628681742503e+00
4.613724800305870133e+01
9.727370576279907866e+00
1.913792690163827004e+01
4.365093333163253675e+01
1.243201300002100496e+01
4.399443896604876869e+01
4.768379968713978734e+00
4.008058740315414070e+01
4.864219435019402349e-01
7.070539651595512121e-01
-9.892178160122211406e-02
2.829916792715922558e+00
4.364870760741145972e+01
1.752336113256345129e+01
1.253047074811534767e+00
3.658980698983140822e+00
6.515917684241421171e+01
3.523933807632403381e-01
1.070390549473572683e+01
3.703249136477670955e-01
1.395629999097494522e+00
2.020326785066145803e+01
1.842024015872760490e-01
2.802357819041319686e+01
2.744111919681652978e+01
5.172729692333659557e+01
1.002712754943372708e+01
6.959998522809810240e+00
3.080705911697760868e-01
5.206998333544081703e-01
4.678938306882374221e-01
4.218671461753964991e+01
3.929960718746645210e+00
5.015774420324594196e+00
5.885593315731732389e+00
1.671246623487598626e+01
1.555243093821106370e+01
2.094683942552333278e+01
-7.224986496544558157e-03
2.324732399259832150e+01
2.118964027234229719e-03
9.390103449931224588e+00
1.708044871088889494e+01
3.372924626947190863e+00
3.633827655320470029e+01
5.152735633875495047e+00
4.073658788205431591e+00
2.236285932573268465e+00
3.254275505731957230e-02
1.635106636236675293e+00
2.126947627644982930e+01
1.874780533975304664e+01
1.369335871184922837e+01
1.198986602952313296e+00
4.577171817717171187e+00
5.653296826074521997e-01
2.503507992691319117e+01
1.112718163572418284e+01
2.301821472700882154e+01
8.807347070595634264e+00
-2.241093438187929943e-02
1.701986460695291969e-01
1.404673157225202473e+00
9.117977722647160022e+01
2.012380422757374987e+01
2.961009786872206284e-01
3.112504566556258823e+01
5.129246947048547334e+00
1.162546085385428114e+02
1.322888802611385639e+00
3.131076759111995500e+01
1.923084044694649464e+01
2.861355876087334948e+01
1.907244219860094070e+00
1.059094471779994384e+00
5.796449216100662483e+01
7.045976306268079270e+01
1.415875830632276955e+00
1.223385668755741507e-01
1.889926711010412763e+00
-7.898096080778405081e-03
-4.410678944019087722e-02
7.965778707607231723e+00
2.120764454987155645e+01
4.750977196710864092e+01
4.913436987997591432e-01
6.937210205680509389e+00
3.292868423498917707e+01
6.821678214974936338e+01
2.181403882960768570e+01
5.838303576391506056e+01
9.012822964773077317e+00
2.281672908133503341e+01
1.619003575825595647e+02
2.003669744510791773e-01
4.211108935264961772e+00
9.100825340693335264e+00
4.997905484468185477e+01
1.259497762729801167e+02
1.764612469078855161e+00
1.061800124590977745e+01
1.791931835120528049e+01
-7.473254627418382534e-02
-1.002472981861379508e-01
8.516346837549350068e-01
5.356335267948245615e+01
7.026036688683699794e+00
2.479300341015109410e+01
1.725195996331735149e+00
3.681790343758842843e-01
3.497606739187355984e+00
3.842595671366247911e-01
-4.505210268716981076e-02
4.370958567835713460e+00
8.915812821732471605e+01
3.683562355006875233e-01
3.566985426308421125e+01
6.207937485883324946e+00
3.894676881744891350e+00
1.095971593860319260e+01
2.000485130448461213e+00
1.135624408477933045e+01
4.793223139563374247e+01
8.823306682313210914e+00
2.445090767996237702e+01
7.601919248247159366e+00
5.771143330320480658e+01
4.374621291034049841e-01
3.774123006208071018e+01
7.516971172399778744e+00
3.058970283072214524e+00
8.050095970601120143e+01
3.208041950816029608e+00
nan
6.972138348455741985e-01
2.464149918351657931e+01
8.951613497070040282e+00
3.368019396400592225e+00
8.733336740080094529e+00
5.997708338364226677e+00
8.278215260830126820e-02
1.837332401086574407e+01
1.435381958439821304e+01
6.330552896906291238e+01
4.239312060790840775e+01
2.193075043445454142e+01
1.026030149305822192e+01
1.433756774653593880e+02
1.466190350261879694e+01
1.637467512925068647e+00
-9.907857643523412805e-02
2.037631494335247950e+01
1.068254022854800978e+00
1.315225872885382863e+01
6.787548983599103281e+01
5.838970488569193407e+01
5.667825574117363985e+00
1.365654952193062321e+00
