# Delta chi2_r = chi2(OU_r) - chi2(LCDM), pp, theta0.001_Delta0.05, sigma_X=2.506316e-02, NaN = rho_DE<=0 (reading (a) broken) or CAMB failure (see resumen.json)
-7.703400222478506976e-04
-2.236156437371406014e-03
2.182777906732269457e-03
-6.145488285191902378e-04
-5.050472890513191260e-04
-1.036676958346305355e-03
-2.088090352412308448e-04
-9.155802441895843913e-05
-5.133898017994908969e-04
1.242803652374391277e-03
-5.291205054138714559e-04
-9.012892275261918940e-04
1.704482550998420720e-03
-4.499051782715923764e-04
-9.505934861504528044e-04
1.368171631666470489e-03
9.246436978216365787e-04
-1.257586529739285197e-03
-7.501651543915244247e-04
-1.578865000940510299e-03
-4.790809374899396289e-04
-2.098164113967015965e-03
-9.208626104957318148e-04
-5.525680930453802375e-04
-3.567773478003744003e-04
8.397894908895864319e-04
3.484293537781013583e-05
5.011968456685167439e-04
2.292712365417060028e-03
-9.361867966219961090e-04
1.016156969846804259e-03
-1.021032950299982645e-03
3.451884665306437228e-04
-4.004101389991632232e-04
-2.914256142769744429e-04
1.035662595429087673e-03
1.645472168583239636e-04
3.405616813179079827e-04
3.783302534685617502e-04
-1.640855333933544102e-03
1.133878110568531383e-04
-1.794184317425617792e-03
1.029681937325221952e-03
1.314433990089014515e-03
7.495062007105701696e-04
-1.100898879151657184e-04
9.374981731102849380e-04
1.058085946787912235e-03
-2.319672487329782484e-03
-1.518456066710527352e-03
-6.460592116965813148e-04
-1.891431938362941878e-03
1.146065132354934235e-03
-1.007462449338802912e-03
-6.079722338920845459e-04
-1.954378168170123331e-03
2.518300460554456777e-04
6.994605462846692490e-04
-1.286755661960015118e-03
5.443479848548093969e-04
-1.991554181117294320e-03
1.511208764419791351e-04
3.297866547757877242e-04
-3.316958712140660737e-04
2.603435746841853415e-04
-2.189572755748159238e-03
-5.387842505850670705e-04
9.790198957944085123e-04
-3.946716204819011864e-04
5.639649766102650119e-04
-4.489433345877813508e-04
-1.761495535212986852e-05
-1.242650705748360451e-04
7.013890614882001273e-04
1.474639792879983702e-03
-8.145126098533239656e-04
-5.025845362958136775e-04
-1.338374956969090590e-03
5.163044119722570713e-04
-1.012550324468008967e-03
1.001153271845467430e-03
-1.065103342625661753e-03
-1.394600434780457476e-03
-2.598834481659650919e-04
2.803938607964795438e-04
-1.662224321336225330e-03
-9.780664475425027149e-04
-1.252132817251450092e-03
8.472822781513400514e-04
-1.129996464982241378e-03
-9.519658216117221627e-04
-2.549395938544307683e-03
-6.552514196052072748e-04
-1.674185144507234213e-03
-4.191419675478869067e-04
8.788912394503967107e-04
-4.917959111754299784e-04
2.572340661810557094e-03
-9.480125459280230871e-04
-3.462150210946646212e-04
3.654928910119537022e-04
4.097554099651290471e-04
-1.943900577478174796e-03
-4.045865794619629696e-04
-2.886424479005000876e-04
-1.747922073423779921e-03
-1.516998466932761858e-05
7.144014261069031591e-04
9.515989637449706606e-04
1.016879761539968285e-03
8.199972381603970462e-04
-1.331320694024640261e-03
-9.108041147900536316e-04
-1.086367100585405865e-03
-9.434716735299275570e-04
-9.115406100388412369e-04
1.784519216627700189e-04
1.223520145735790265e-03
1.232327880043015966e-04
-5.264874890933413099e-04
3.640338763357675589e-04
9.354717601990358844e-04
1.499535790930650592e-03
1.211505506722332370e-03
1.065689167932148962e-03
-3.261602894468751401e-04
7.333404180815961126e-04
-1.376873298200465001e-03
-1.359690785861289442e-03
-1.813260259769577942e-03
-2.648394056432579191e-03
-1.084861496437383721e-03
-9.161664516241785350e-04
8.765908342489581173e-05
-4.946657279170096899e-05
-2.523341556628366789e-03
5.166982443149947812e-04
9.996778706611308962e-04
1.272433249923210496e-03
1.556158863351697619e-04
3.318921386501472170e-04
-2.162872771638291169e-04
1.348358549412509433e-03
-8.209560019789563512e-04
1.342138640097800817e-03
-1.222494516705197043e-03
-3.352098404239001184e-04
1.605856640196634544e-04
-6.052194558741064156e-04
-1.012990193700602504e-04
1.093438494825349494e-03
-3.090172947270986015e-04
6.761796487975146874e-04
2.253212685037198071e-04
1.967030819773896155e-04
-1.186889179750849621e-03
1.541471305072761311e-03
-6.497140461743100559e-04
5.439620875886674867e-04
-4.682802197866209326e-04
-1.107281554766359477e-04
9.453113644042332453e-04
1.763473723832120754e-03
-2.872879750981383040e-05
-1.496461447430874614e-03
-9.923056862355394969e-04
-1.012412562905851132e-03
1.583895772679255742e-03
-4.178115486492828268e-04
8.645701273959360833e-04
1.228777389579605028e-03
1.879284028463601430e-03
-5.147813312262883301e-04
5.234609727615691099e-04
1.943453794730487516e-04
-1.869789935593502150e-04
1.165387760559966068e-03
-1.912733990169002141e-03
5.710891800561057607e-04
1.110627037897771174e-03
-2.895021179849521786e-04
-1.320472977525355418e-03
4.199699807934109685e-04
7.862555729847287012e-04
4.407732153133281372e-04
1.873952892838204320e-03
3.020572402581578331e-03
9.306413647713895898e-05
1.207547665737607190e-03
-1.498210692075119255e-03
3.325358044232729071e-04
-2.464084016775558439e-04
1.720978115393734242e-05
3.775979956301966922e-04
-1.311556985383433016e-03
-1.248810798980315440e-03
2.506121556820062324e-04
-4.315574411553058098e-04
-3.542264380254067646e-04
-1.495583822741508584e-03
