# Delta chi2_r = chi2(OU_r) - chi2(LCDM), pp, theta1_Delta0.05, sigma_X=2.506316e-02, NaN = rho_DE<=0 (reading (a) broken) or CAMB failure (see resumen.json)
2.853008911914756141e-03
1.281834425379813069e-02
2.027024074318184432e-02
-9.682030857936396728e-03
2.472290032730306564e-02
-3.331732567220413443e-03
4.009738727948786163e-02
2.041995940419738531e-02
-1.384052695880733097e-02
1.472128943540518264e-02
1.234492602953984886e-01
8.024767698227464052e-03
5.836295152041870438e-03
2.501846787717099119e-02
-7.382275880132738166e-03
7.026466582241219783e-02
3.466754623872425611e-02
-4.299733951942386057e-03
-2.309305993599330975e-02
2.009765510012950784e-01
1.515260267646567627e-02
-1.488742391403263809e-02
-1.339420119773038209e-02
-2.127748208403978936e-02
1.363848491679497954e-02
2.603847415991467074e-02
-8.699598204357172904e-03
-6.659723263597427945e-03
1.983029459439578090e-02
5.794570695085710099e-03
1.673187373888751495e-02
4.051269347777086693e-02
2.322851681831927806e-02
-1.136921377351463036e-02
-1.133586485327420235e-02
7.755600884969737763e-03
-8.160355262774032781e-04
-1.515083519516124966e-03
4.545668861585205889e-02
-1.131382029907612718e-02
2.760217987195900946e-02
-1.734372225169522608e-02
7.552775569297409675e-02
7.071245583066421148e-02
9.209548218052301394e-01
2.210637434365736453e-02
5.015140569491727263e-02
7.279502634047041454e-02
-2.472594607847611314e-02
1.616247541859827663e-02
-1.533614904307967208e-02
-2.480257206509151047e-02
2.260505945820412421e-02
1.748930488343347633e-03
1.219756962150775337e-02
-1.903799161969921272e-02
8.281028520002564619e-03
1.746250665863691154e-02
3.508304376181214934e-02
9.765809285454452038e-03
-2.211421596898865971e-02
-5.168628733988711588e-03
-1.902094448983149277e-02
-1.227601696576741119e-02
9.199396758763356274e-04
4.448615078604944983e-03
1.697949660027830987e-02
9.171611005960755847e-02
-8.715450339147778891e-03
4.801427283563697301e-03
2.762957721482095508e-02
-3.027993342264778676e-03
1.031533887183222475e-02
5.048631968054628771e-02
5.323920943373749992e-02
-9.123822253663149695e-03
1.084031361996196097e-03
-1.543173233406136546e-03
4.853340233660574654e-02
-3.861254578586326147e-03
1.630546699068524674e-02
3.912742501608335033e-04
1.866675467192990823e-03
9.533440305109053270e-03
8.196558960779753988e-03
-2.066681449472085319e-02
5.553252411358400309e-02
9.063766277321860798e-04
3.531965982215901079e-02
-3.166095169306970547e-02
5.284062673478473471e-04
-3.459720567137480884e-02
5.789506504103236750e-02
-1.382690421806032077e-02
4.381171759936464127e-03
-2.956239480052857971e-03
3.585719301446665952e-02
2.773757091165229838e-02
-6.571868422700077872e-04
3.179632343702287756e-02
6.894366377604654872e-03
-1.247784138376673013e-03
-1.156866841568593429e-02
-1.186403891029641500e-03
1.097311230199871090e-02
6.041654059006695832e-02
1.307045685488184006e-02
1.461775352229643943e-02
8.185991006319959240e-02
2.166681203364539954e-02
1.219028994589290704e-01
-1.723025277895295915e-02
-3.566338811308966683e-03
-1.509098705295031095e-03
1.122006050426804791e-02
-2.581055468927040408e-02
-9.764934889419762953e-03
9.896125908182362707e-02
1.317598580224856875e-01
-9.632569446990757456e-03
-1.585766690016754410e-03
1.043452107620979064e-02
2.127224504482860823e-02
1.349220307370657679e-02
3.946578881346063383e-02
2.726017589883689141e-02
2.786896726466459029e-02
-7.386523821148571756e-03
-5.428985892750759490e-03
1.019484156660865892e-02
4.050714789307718888e-02
1.295498191903199370e-02
5.324909964781454619e-02
4.031399444581804659e-01
4.838771671804842356e-02
1.593436282122393521e-01
4.392958976999317144e-02
2.409517839195807198e-02
6.350212280182176983e-02
7.481468782802913609e-02
1.310185047759464538e-01
-4.377767654979436429e-04
3.829786121523071074e-02
1.138597277877373415e-02
3.289202805553870235e-02
-1.991535584710923956e-02
-1.326741085933136333e-02
9.382852884548498196e-02
-6.909786143674878645e-03
5.043822534509700972e-02
-5.296007173543060276e-03
-9.467538653161966522e-03
1.148047340059576982e-03
2.674557959668533158e-02
1.872799634269739499e-02
-6.815612369079460109e-03
1.310891950150132601e-01
-2.734351908800825015e-02
6.538606857881035239e-02
-7.667574637638452373e-03
-6.774660330565396293e-03
4.058467028461976156e-02
1.466067383699076743e-02
1.915794727525543806e-02
1.170691851506155956e-02
-1.615719371705282015e-02
4.728193879072861705e-03
7.214874061121712145e-02
7.695795945700112384e-02
3.297803292185008672e-02
9.079444030818351052e-02
6.553847716640426313e-02
-9.880687843873303677e-03
7.922366460928387255e-02
-2.472933727025505846e-03
nan
4.353644221792407620e-03
-6.336997543302302915e-03
3.434237033683551488e-02
2.469052050737730042e-02
2.019808217090357516e-03
2.119787227936598129e-03
1.316035647901614425e-03
3.516498806153300904e-02
2.119056666457552751e-02
1.077957640436597586e-01
1.067379895362403630e-01
4.442594981256320352e-03
4.782085046274531237e-03
1.232307152693685737e-01
-2.561648211020894905e-03
-1.543283572858733521e-02
-1.229004877378869764e-03
3.501711780134009189e-02
-8.851450983335951150e-04
-1.311851044783018949e-02
5.204552510663340570e-02
3.405498595040690191e-02
-6.153056216302132952e-03
6.976233477773874370e-03
