# Delta chi2_r = chi2(OU_r) - chi2(LCDM), TT, theta0.001_Delta0.10, sigma_X=2.506316e-02, NaN = rho_DE<=0 (reading (a) broken) or CAMB failure (see resumen.json)
-5.125930402698486432e-03
-1.243990814594297944e-02
5.180525517950229641e-03
-1.172234951816619741e-03
-7.345764981874225441e-03
-2.866342652662723367e-03
-1.902771679681336536e-03
-3.365399277619474105e-03
-3.074952119938245687e-03
5.175394108743347488e-03
-1.148945176125693024e-02
-4.346236322462004864e-03
4.550841223661450385e-03
5.139334782935378598e-03
-3.811198697977857819e-03
9.878871182444015631e-03
5.686053511791300252e-03
-7.461175623745930352e-03
-1.279883216426469517e-03
-1.765092588363614823e-02
-6.578307549720108227e-03
-3.003055890442141163e-03
-3.874331644183826029e-03
6.187723852946191982e-04
-2.988901541378652382e-03
2.859585366472572332e-03
-1.502581397261337770e-05
3.897258306409412398e-03
4.809479233330193892e-03
-6.174620985511580784e-03
-6.563858257777610561e-04
3.019917861969645401e-03
1.455651946010050324e-03
4.822508885940379741e-03
2.408401889805844576e-03
9.789730833240639640e-04
-1.416479302221773651e-03
2.335553033542936419e-03
5.878566261973361406e-03
-8.315862983913291373e-03
3.420274304389181452e-03
-8.646514316524189780e-03
1.017030894217185732e-02
6.974618185449088514e-03
6.369443309548472598e-03
-5.268212654144122098e-03
4.800376921430427046e-03
9.902244247665947796e-03
-9.642623653213888701e-03
-8.945933580989162692e-03
-8.468810198181131454e-04
-6.303389682962290408e-03
2.766214152440937823e-03
-6.246005218841332862e-03
6.429757449769368804e-03
-3.807929979320334724e-03
9.350914950054800556e-04
6.031746013732686151e-04
-9.714299318105190650e-03
2.601046729452605177e-03
-5.061060184182508692e-03
5.213253167752895934e-04
2.554236882311045065e-03
-2.732395344363425238e-03
1.193563298038213816e-03
-1.383035424479572839e-02
-5.710430626763240980e-03
1.096217208213090544e-02
1.576760884699268672e-03
1.862708360462761448e-04
-4.090291791023048518e-03
-3.497144837503185499e-04
-1.307396717272979458e-03
8.978854110608835981e-03
6.153589736335618454e-03
-4.789768976301900238e-03
-2.814214421398730792e-03
-8.025428568515735606e-03
4.916536575585439550e-03
-6.122288571841494331e-03
4.000856310874212340e-03
-6.136515394352670683e-03
-5.822983188245700603e-03
-4.769060157617133200e-03
-3.094836385777455234e-03
-4.496146571202785935e-03
-4.847264338714296628e-04
-4.654315760479477149e-03
2.846157960885165039e-03
-3.347491865795859667e-03
-4.278972345293396984e-03
-7.823561042716420388e-03
-2.050955842040735888e-03
-7.964222011413113478e-03
-3.719107124840803635e-03
2.464902058488149805e-03
-3.164436264309955504e-03
1.051570304074544993e-02
-5.142898898931491658e-03
1.652528661715280123e-04
-2.431864449448539744e-03
-1.664372787502088613e-03
-8.405511970117629517e-03
-2.805575437573537556e-03
-1.199572242956747914e-03
-1.271534288039077865e-02
3.453365596531199344e-03
2.223632781223727761e-03
8.829487927918933110e-03
6.927060113540051134e-03
1.208593644498279218e-02
-5.136644958934510896e-03
-5.329151197180692634e-03
-7.992598546604057219e-03
-7.046338661087503397e-03
-2.955523750259203553e-03
3.849456166523879119e-03
1.059015504975135968e-02
7.073206153229705251e-03
-2.138545707691008602e-03
1.677869345140692303e-03
6.038531539964253625e-03
6.068761095615826662e-03
4.907971055374105163e-03
5.990555776278938538e-03
2.452530838525035506e-03
-2.092814205596482680e-03
-5.061036230284088333e-03
-2.954485906844439569e-03
-1.312684159137234019e-02
-1.572638556668337628e-02
-7.226206302519244673e-03
-9.546693567521913337e-03
3.117563727844441246e-03
2.480283184841169941e-03
-2.179178534792214350e-02
1.375700638615029447e-03
5.921949373160373398e-03
5.359623227825238700e-03
6.450876084883816475e-03
1.157647187980970216e-02
1.423289550963602323e-04
9.345178654790231576e-03
1.283291320781643208e-04
5.387246891235264457e-03
-3.488271918037355590e-03
-2.140345729127801633e-03
7.951846780564153505e-03
-2.915288924327796849e-04
3.030032567604479254e-03
8.282784935104814394e-03
-1.461716778774047043e-03
6.680621993240265510e-04
-2.050158720361849873e-03
1.429944705115815395e-04
-6.011631183739041262e-03
1.291051695464418003e-02
-6.016081258799488296e-04
7.408394865311862532e-03
-1.734306773556681947e-03
9.210048752130717276e-04
6.569026200811123317e-03
9.496506413579908212e-03
-4.698938685002929105e-03
9.752720281497317956e-04
-3.960012466393436625e-03
-6.604301801715450893e-03
8.281171512443563643e-03
5.884102591821260830e-03
2.996476598468689190e-03
9.558592845955615758e-03
1.014085146617560440e-02
-4.105789958316563570e-03
1.148892918286037457e-02
-1.055294027167974491e-03
-3.262408724410192917e-03
7.045695502974069768e-03
-8.186702941099355257e-03
2.544784209479900028e-03
5.215924648023673171e-03
-4.779565668126650735e-03
-8.088844699731367882e-03
1.860567227922160782e-03
7.679363163767050082e-03
-2.606756606954974131e-03
1.347719966335247932e-02
1.749123705327448874e-02
-4.524068313383367013e-03
3.429034202248715246e-03
-1.180192428611448463e-02
-1.217039417365839427e-03
-5.539433756069911396e-04
-5.699766153455243511e-04
3.397983238912161141e-03
-5.114099337898636577e-03
-6.491569858077639310e-03
8.795427545120304558e-03
-7.124603254041517175e-03
-4.125987836395950126e-03
-7.671655443214575598e-03
