# Delta chi2_r = chi2(OU_r) - chi2(LCDM), thetastar, theta0.001_Delta0.05, sigma_X=2.506316e-02, NaN = rho_DE<=0 (reading (a) broken) or CAMB failure (see resumen.json)
-8.198558422116052069e-02
-1.002526559424044839e-01
8.510110638126452964e-02
-9.777604823022770231e-03
-8.808864616402906078e-02
-4.740560966019660011e-02
-5.504898058974091318e-02
-4.110343334107965235e-02
-4.437001536297548177e-02
1.185562515987860222e-01
-9.988570885446329539e-02
-6.991113892827353904e-02
8.719026473673596733e-02
1.144998274680371075e-01
-5.697165354281676086e-02
2.423460279074056978e-01
1.012785485370713001e-01
-8.277616321956840495e-02
-1.418432398304261821e-02
-5.651816634699889652e-02
-8.939130106879866755e-02
-3.917476966246341563e-02
-4.868107506468272172e-02
2.412510220495364677e-03
-4.564844170108764421e-02
5.126996314182247216e-02
-3.909916122421738804e-03
1.003769781987313980e-01
6.299592533822215290e-02
-8.977095372989976618e-02
-1.387301155211316528e-02
1.131789517967330683e-01
1.971538221384293299e-02
1.364225488281351761e-01
6.063367446035308750e-02
3.774797572492494258e-04
-2.935200898879465614e-02
5.122628042528332148e-02
1.612915257276318071e-01
-9.427823604402964242e-02
7.317589976452790190e-02
-8.537342846863793522e-02
2.789595569878180470e-01
1.958049631013326353e-01
1.852695722689083058e-01
-7.985724529247080483e-02
9.273993750705705752e-02
2.658413761885968229e-01
-9.400645234969158548e-02
-9.555785300051962416e-02
-1.224865231896139772e-02
-7.022819804003016531e-02
4.488775815696816052e-02
-8.425457384765465407e-02
1.800789036873655380e-01
-3.077303936422830233e-02
2.748151420967759329e-02
-1.709151247388271400e-02
-9.967495580121045473e-02
3.906467031693841574e-02
-4.815193581959269220e-02
4.274197673029445088e-03
4.843329493485809545e-02
-3.660789428194113904e-02
6.279371027186828047e-03
-9.737777972397788917e-02
-8.675940002855690725e-02
2.721691849682457143e-01
5.589908208717786486e-02
-1.540082326421989001e-02
-6.515870415333961663e-02
2.500081299635412146e-02
-1.909797912754125637e-02
2.577538994726954469e-01
1.275248909325728541e-01
-6.715611710272730017e-02
-6.462973305512979827e-02
-9.444066973367269691e-02
7.648727452600539989e-02
-8.319617802185716449e-02
6.356817131572711776e-02
-8.392944783174748069e-02
-8.213507425351557201e-02
-7.401492520553368260e-02
-4.353626763702015540e-02
-5.352498640725457391e-02
-1.331554409881641199e-03
-4.808069751964799687e-02
5.587352529480646424e-02
-3.484522456063099405e-02
-6.291845274428500834e-02
-7.678230111429272531e-02
-2.232006331349839501e-02
-8.861698277209412167e-02
-7.089657731876924940e-02
5.389582502479633996e-02
-5.174268408665839286e-02
2.137941220033063028e-01
-7.165440601543440757e-02
-9.008999569089237713e-04
-3.999853001978172923e-02
-1.473256114670851158e-02
-8.980642689180784455e-02
-4.168039197055890821e-02
-2.313629399508645990e-02
-9.818285417222734346e-02
9.820821222212750001e-02
4.168633836327706454e-02
1.981662416131949322e-01
1.523930048851409869e-01
4.090424379195943816e-01
-7.039946149995032765e-02
-7.066860068237233727e-02
-8.618662661778575540e-02
-9.530934214602908294e-02
-3.497977401454128998e-02
6.201128709500100533e-02
2.943718072137820885e-01
1.496236825793807179e-01
-5.434482392749351298e-03
3.746665482086430909e-02
1.371498521379874436e-01
1.006758424141645514e-01
1.249860382446408291e-01
1.399749595925107448e-01
4.656943297484456012e-02
-5.676662438941186550e-02
-6.842463656957867291e-02
-3.949996398001523468e-02
-9.623024737483455715e-02
-7.991391202555588047e-02
-7.665416914323970599e-02
-9.463115790267315197e-02
1.257087099497431470e-01
4.567885255072079431e-02
-3.078838252667859265e-02
-1.945602721711152394e-02
1.056684619549409232e-01
1.250508770239136258e-01
1.691540284637178260e-01
3.670874370400616371e-01
5.657062968691256577e-03
2.118463447716964210e-01
1.879088499010159174e-02
6.641932552517312849e-02
-5.044637710952784571e-02
-7.569644688400142818e-03
1.610291211164393832e-01
1.923783220129304805e-02
5.398161060731451744e-02
1.980713732667944982e-01
-1.735943635121572903e-02
3.822638286181140321e-02
-4.644483749677139062e-02
-1.580893456182294599e-02
-8.065829027852405853e-02
4.038446361718606159e-01
1.180384057374332663e-02
1.734450556131127696e-01
-4.378825096384035553e-02
4.431233542402535086e-02
1.493653890629115799e-01
2.347213816672188147e-01
-7.762379179940052942e-02
4.989083953174974773e-02
-6.358288239937928688e-02
-8.515877524576151436e-02
1.423100683389338650e-01
1.288703943534604546e-01
2.730509188174448654e-02
2.245969874954870382e-01
1.867789166133560219e-01
-4.778844920377698507e-02
3.426353370302998025e-01
-1.644378972036450448e-02
-1.986141154634535333e-02
1.591038249444471087e-01
-9.437866266696919026e-02
6.110500611346808553e-02
1.460508502643335926e-01
-6.561020021179977957e-02
-9.524843023150839083e-02
3.764589316297189958e-02
1.862657866465199097e-01
-6.371250342327652860e-02
3.991421803018203596e-01
5.006217872664641133e-01
-5.444198482680942530e-02
4.173946316498902687e-02
-9.776953872389267108e-02
-1.837010765469176965e-02
-1.450635825399981815e-02
-1.887071678818796894e-03
1.049102136528112239e-01
-6.956681492876491679e-02
-8.393533057932707486e-02
2.962781964507332777e-01
-8.861943079631751097e-02
-5.627426449371149969e-02
-9.638102804187421990e-02
