# Delta chi2_r = chi2(OU_r) - chi2(LCDM), TT, theta1_Delta0.05, sigma_X=2.151779e-03, H0 re-solved for theta_*; NaN = failure (see fallos_theta1_Delta0.05.json)
-2.640153790398613864e-03
-8.331823357522694096e-03
-8.464065845892321249e-04
-8.201038649637837352e-04
-4.705193523108164300e-03
1.682618904297328299e-05
3.958683590568057298e-03
-6.672363236930323183e-04
-3.152117142196431132e-03
7.623446347793105815e-05
-1.117855516296017981e-02
7.310915568261577846e-04
-9.048992701643499004e-04
2.986742243635376326e-03
-2.343013539842786486e-04
5.683513953989915990e-03
2.250495441419531062e-03
-3.490080937293527086e-03
-8.017450276724957803e-04
-1.101076918154220152e-02
-1.005208501741350346e-03
1.813318122724894010e-03
-1.014947874377725157e-03
-1.556351808886802246e-04
9.259751950807526555e-05
2.099776282474152822e-03
-1.264059316465449001e-03
-2.072461818407589362e-04
-2.623836833631543186e-03
-2.517068285062151745e-03
-2.982033102309600281e-03
3.384635089769716387e-03
1.876448506880734612e-03
-8.479562802357065721e-04
-6.034186211643088882e-04
-2.337597413575309702e-03
-1.323599512218720520e-03
-1.449881536363051282e-03
1.921492381232070557e-03
-4.240528824713152289e-03
1.764444819425392552e-03
-5.393351385084343974e-03
5.356833079634526484e-03
1.396580411082481987e-03
1.809142163114785262e-03
-3.722428374413055963e-03
3.903532634829787185e-03
4.434666607444626152e-03
-4.043566323122860240e-03
-5.892377668438086857e-03
-6.326211737039955096e-04
-1.048953637052818522e-03
9.834895054297021488e-04
-4.639508764938682361e-04
9.553269590441004766e-04
-2.045452521137747226e-04
8.906292263830550837e-04
1.524092645983188277e-03
-5.953165930492332336e-03
1.450267908040814291e-03
-1.780774031988840989e-03
-3.732077770450814569e-04
-1.774429964374490964e-03
-6.516171095402256697e-03
7.237300438589500118e-04
-4.808033275999434863e-03
-2.495164548758310730e-03
6.369495326623564324e-03
-7.635894285833444428e-04
-9.805976874837085688e-04
1.219887550966802792e-03
-7.557093663379532700e-04
1.095708665552308503e-03
2.579319511539779342e-03
2.278236402311506481e-03
-2.702992595725817182e-03
-6.497531501636899520e-05
-2.936150439133200507e-03
4.686725521658274829e-03
-4.785941005444271923e-03
1.441174958983992838e-03
-4.578088578071515258e-03
1.153505835741697183e-03
-1.528111571822421411e-03
-3.825200537093564890e-03
-6.018000761933706144e-04
4.093466632316022924e-03
-1.778162490175816401e-04
2.645871635003516076e-03
-3.989471432959135200e-03
3.702951526101116997e-04
-1.665101762210241532e-03
2.967710355978425696e-03
-5.038337186690000635e-03
-1.352288441292870402e-03
-1.557216261470983909e-03
2.674879256939988181e-03
8.278177093536953635e-04
-3.877797626813617171e-03
2.252177357433993166e-03
-3.895090524387967434e-03
-3.016473935851138322e-03
-3.363559400426652246e-05
-2.017318992955097201e-04
4.464922857039255177e-05
-7.969260744591366574e-03
1.852436443144256373e-03
2.254100567544270461e-03
4.749170584176454213e-03
1.312000929004852878e-03
5.515502932937010883e-03
-1.499197815501673858e-03
-5.295039585792693515e-03
-4.448974922730997150e-03
-3.217232763059740819e-03
-3.469945839633226115e-03
-5.029531827283051371e-04
5.413465637442271827e-03
7.466387081883851806e-03
-2.152608221170027036e-03
-5.296945856123613794e-04
6.087905702081286563e-04
2.915672477033837140e-03
-2.638921803814753275e-04
1.761238454715652324e-03
3.944853107324064467e-03
-3.126525458682749559e-03
-6.905754461641322450e-04
1.209898014693067125e-03
-5.021016612960949033e-03
-6.879705678993985885e-03
-4.964146820054082809e-03
-6.879319059038380146e-03
-1.546124916274038696e-03
3.384287959221410347e-03
-1.047792075492992581e-02
3.455420663808439485e-03
2.928638103711023177e-03
2.811868300106823426e-03
3.886819101463601100e-03
5.371517281663074073e-03
-1.205269949402065777e-03
2.730415991479162585e-03
8.247714880624812395e-04
3.132319944061379147e-03
1.461702565137557031e-04
-2.959453324770322524e-03
6.445700667729425959e-03
1.053190877907894674e-03
2.934621677908921811e-03
-4.635221123052701842e-04
-1.914549373864815607e-04
-2.269575023198910912e-03
1.781656737460224349e-03
1.147331279749863597e-03
-1.281292176383175274e-03
5.972445328936260012e-03
-1.535653922886126566e-03
5.659509809621710019e-03
-4.752999470412078153e-04
-8.706050850300073307e-04
3.734563951564240369e-03
1.658098691159182181e-03
-1.569320039109811660e-04
1.484911178263104148e-03
-2.741883685665413850e-03
-4.261178865558434836e-03
5.905248580468480668e-03
5.537099309940174408e-03
1.984076493606323766e-03
6.190827488399719414e-03
6.006710909616685967e-03
-2.927110006751831861e-03
5.156889659346575172e-03
-1.192517633874956573e-03
-3.097500586918044974e-03
-7.997617141946022912e-04
-6.022768617867768626e-03
7.741531382556843255e-04
9.223831957250183677e-04
-1.858250055796872857e-03
-2.291961442288936723e-04
9.975528296592983679e-04
2.504803606143468642e-03
-6.935446748421725260e-04
6.241920604843187448e-03
4.780135056329015697e-03
-5.467587951994090645e-03
-1.067263061251821910e-04
-9.090589984140251545e-03
-3.795952921407774738e-03
-1.961441594811930145e-03
-1.275372261950735719e-04
1.613309577869870282e-03
1.175026528130729275e-04
-3.752437589707113830e-03
3.526258561592499063e-03
-5.262733443291978119e-03
-2.875074918495812426e-03
1.326042519188774804e-03
