# Delta chi2_r = chi2(OU_r) - chi2(LCDM), TT, theta0.001_Delta0.05, sigma_X=2.151779e-03, H0 re-solved for theta_*; NaN = failure (see fallos_theta0.001_Delta0.05.json)
-1.151930510978615985e-04
-3.230778629834674121e-04
1.398982361386913453e-04
-6.690063254310985030e-05
-1.204675846295799602e-04
-9.106709633854848107e-05
2.335118473695274588e-05
-5.681695262893526888e-05
-9.644421535526248590e-05
9.150748094555183343e-05
-2.533815783642978658e-04
-7.393781379505526274e-05
1.239812263413853088e-04
4.223687447080237689e-05
-8.567122713643016141e-05
2.446927338972670896e-04
1.072707211058343546e-04
-1.425734256699229263e-04
-4.493771606561836052e-05
-3.456097378631284300e-04
-9.267757251407715557e-05
-1.070460681553697668e-04
-9.017881824746609709e-05
-8.709791913474873581e-06
-5.537734298499685792e-05
8.972113970884265655e-05
-1.022109969639473093e-05
4.967539515021712759e-05
1.224137853448326041e-04
-1.108522959718527545e-04
1.699927003784296176e-05
2.316511135802556964e-06
5.173243903655588838e-05
9.346058114090283198e-06
-1.274581739707514316e-05
3.847415738889026215e-05
-1.172636798330017882e-05
-2.503998704384002849e-06
8.301779603314685119e-05
-2.061187993405155794e-04
4.255698610577951513e-05
-2.341463607606897313e-04
2.203816712444961468e-04
1.459175768800946571e-04
1.173307188153671632e-04
-7.171190185673026463e-05
1.300794805167981849e-04
1.918704671126647554e-04
-2.482933823095834214e-04
-2.101903794624604416e-04
-5.099836504740551391e-05
-1.604057298401073695e-04
9.045376927474535478e-05
-1.062022640532234163e-04
2.941178928850263219e-05
-1.474534883421085851e-04
3.428662944315874483e-05
7.781770109005492486e-05
-1.961362323044113509e-04
7.475043631188782456e-05
-1.939089017639616941e-04
1.456916183784073837e-05
2.853222312637626601e-05
-1.222171369583691103e-04
4.518646762363687230e-05
-2.852437440346022868e-04
-9.452144636767911834e-05
2.351947298784295981e-04
-3.540875407281873777e-05
2.601064222673699078e-05
-6.057925594049606843e-05
-1.051286654174532487e-05
-3.622775381018072949e-06
1.344028334351321519e-04
1.589340531538141477e-04
-1.186381848725659438e-04
-3.378400536035996993e-05
-1.621326385361498978e-04
1.251537841895355996e-04
-1.624836336873158871e-04
1.097779601550996631e-04
-1.548467720873247799e-04
-1.070747271789684874e-04
-7.445702743780202582e-05
-5.990296410374185143e-05
-1.348350591428015832e-04
-2.057464860882873836e-05
-1.207080882537070465e-04
9.790632502415519411e-05
-1.299562601353443370e-04
-8.191900121801154455e-05
-2.139356324946106724e-04
-3.714290814826881615e-05
-2.005338957751234830e-04
-5.380182498626595589e-05
4.492846878889622531e-05
-3.753246807036703103e-05
2.425659942382196732e-04
-1.068563273278755332e-04
-6.198176812688416248e-06
-4.220019086886850346e-05
-2.582592289712692946e-05
-1.658231964043466178e-04
-4.343479136537098384e-05
-4.426874559371185569e-05
-2.743252221044656380e-04
4.320857139461509178e-05
9.992394824109851470e-05
1.885925036262392496e-04
1.323200081913000759e-04
2.014786546276070567e-04
-1.191322260645222286e-04
-1.283642451745947710e-04
-1.698982498226087046e-04
-1.432864788775134457e-04
-1.148738853693487272e-04
2.775338316851616582e-05
2.149559662711908459e-04
1.617172699042157547e-04
-8.978699526807076836e-05
2.060796238012585491e-05
1.183452343482827018e-04
1.825608088950048113e-04
1.142580085975453130e-04
1.240721151667401045e-04
5.527930777304845833e-05
2.570237057852864382e-06
-1.302768545023980096e-04
-7.847554251938504422e-05
-2.792845565124935092e-04
-3.466409462333785996e-04
-1.581449698946357785e-04
-1.984416963871638018e-04
5.437612511371980872e-06
4.031968652640216533e-05
-4.339763750493830230e-04
7.958135257624121550e-05
1.450264464857298208e-04
1.445387185761148885e-04
1.041361581108901646e-04
1.648771687925432161e-04
-4.714639263880826547e-05
1.918328546004488544e-04
-5.019910411974137787e-05
1.685758609824006271e-04
-6.778431671605744668e-05
-6.757192683437551750e-05
1.604043099661112137e-04
-1.165125393143284782e-05
3.519625699865969182e-05
1.298578747075396222e-04
-1.348175865345524471e-05
2.349836962522999784e-05
1.868516639902395582e-05
2.105145308917144575e-05
-1.191473473198811917e-04
2.481769967168645508e-04
-5.041589568222093476e-05
1.784643073179381645e-04
-1.600676553437097027e-05
-1.986539370335549393e-05
1.727804518054654181e-04
2.147634679552368198e-04
-3.690969736780402854e-05
-6.940437406299793111e-05
-1.031640632653818557e-04
-1.488742153661348766e-04
2.485523705928471827e-04
1.040624990196192812e-04
8.395697959429071489e-05
2.268072445907876045e-04
2.798552314509095140e-04
-1.018841911673007417e-04
1.933778741260994138e-04
-4.970977133922360736e-06
-7.099747575978199166e-05
1.111850771913225344e-04
-2.385137446303531306e-04
2.828366310581031939e-05
1.252907352728982460e-04
-7.080464865438784727e-05
-1.267426352562495140e-04
6.253370391817725249e-05
1.402440425053441686e-04
-5.397924486061356220e-06
2.872631834769379111e-04
3.383145638018447698e-04
-1.103015173669064097e-04
1.226444218360711602e-04
-2.568124452189124440e-04
-3.522412882617231844e-05
-3.894034124130030250e-05
3.017638938729305664e-07
4.903706072667546323e-05
-1.217297820588214563e-04
-1.538560901117591584e-04
1.364786192183942148e-04
-1.222642645366533998e-04
-9.197556911644255706e-05
-1.161965421658806008e-04
