# Delta chi2_r = chi2(OU_r) - chi2(LCDM), pp, theta1_Delta0.05, sigma_X=2.151779e-03, H0 re-solved for theta_*; NaN = failure (see fallos_theta1_Delta0.05.json)
-2.294213390968025124e-03
-6.949342759261512015e-03
1.311625431013041521e-03
-5.925596752600625905e-04
-3.796777771267301205e-03
-6.195583667913950876e-04
2.777073165967536283e-03
2.088011262626920939e-03
-2.323265826239762077e-03
1.489231142812741382e-03
-6.726963857342838082e-03
1.980765633877723531e-04
3.723078671313828636e-04
3.033743682099299122e-04
-9.689308105294003326e-04
4.103059566064715113e-03
1.927822676766055565e-03
-3.991701332436647931e-03
-2.590646541781538303e-03
-8.587898385579606497e-03
5.333289121338680161e-04
-2.011310721757197939e-03
-1.394783140419519896e-03
-2.948702061525310114e-03
1.180521964414538161e-03
2.646710304215815768e-03
-1.302288816134478111e-03
-4.008916902709103169e-04
3.319255554767863714e-04
-3.941279932059060798e-03
-3.731311044123941656e-04
1.109043394894371204e-03
1.777807355175298198e-03
-1.325038118901389339e-03
-1.023826428074414707e-03
-9.185436148566594738e-04
-8.823910685933356035e-04
-2.593751139965405628e-04
2.898289311373147825e-03
-4.105818229437119271e-03
1.303167603822430465e-03
-4.085822228882207696e-03
3.373004701090920321e-03
3.211751120483441468e-03
2.967791756551818594e-03
-2.893796809047444185e-03
3.615515761905996328e-03
3.646861668855194694e-03
-4.656501304779681050e-03
-5.708230016191251366e-03
-1.429237775797176369e-03
-2.372296127830963997e-03
2.061613270017303989e-03
-5.607667836429186536e-04
-4.977166590833803639e-04
-1.741144032656904983e-03
1.203387596472538235e-03
1.006894901411925503e-03
-5.945237879167564188e-03
7.043523137753027186e-04
-1.681999299005809689e-03
-6.638187852985311110e-04
-2.824745004366135959e-03
-4.735976446381684468e-03
-6.191423608168378223e-04
-4.091006599885815831e-03
-2.390375201514416403e-03
3.292843681746759898e-03
-6.634672184375745019e-04
-5.342501941409949495e-04
2.533572859578114844e-03
-2.141057457727413293e-05
1.095525159479748822e-03
2.498747540746748541e-03
4.346087829953049209e-03
-1.947918200777110087e-03
-1.811762187601928531e-03
-3.186142541053982313e-03
2.701980333664977252e-03
-4.084424216369342275e-03
5.913862934345814892e-04
-4.356572250626911114e-03
-2.031196560814407803e-04
6.677909068031340212e-05
-1.107190646528977140e-03
-1.731324870570816188e-03
2.626120089876948782e-03
4.494433006030362776e-04
2.921493911827610646e-03
-4.439378858856812826e-03
-4.120708624277824583e-05
-3.478591122570762195e-03
3.556005972246367719e-03
-5.646603833099561598e-03
-1.868936378823349287e-03
-3.004493366685068167e-04
3.482905572051109289e-03
1.780794136516661297e-03
-5.390097571920549058e-03
2.099982895863661270e-03
-2.051212856608586321e-03
-1.044131607701004327e-03
-1.089023580117753909e-03
-1.326645969879081122e-04
1.033520088840944595e-03
-7.459652356860857481e-03
9.733819401134269356e-04
1.480846446366257396e-03
3.534918044573842622e-03
2.060178497050202395e-03
4.211025164945425558e-03
-2.871936971141408890e-03
-6.171160714202983399e-03
-3.184076968274496267e-03
-3.113108466173741817e-03
-3.946041973115654855e-03
-1.858129307283462595e-03
5.107667719832065245e-03
5.272112597127787126e-03
-3.948372243769426859e-04
2.091557350336614718e-04
8.237079181725448507e-04
1.643783125301112591e-03
1.669335744145072908e-03
3.473520958413800486e-03
1.561620199835189737e-03
-2.368515988310448961e-03
-4.937305727068519445e-04
-8.415522181870471741e-04
-2.908791243692476769e-03
-7.252703012428085572e-03
-4.127074161038635225e-03
-4.481998288005328845e-03
7.186448438805115302e-04
2.688051136033209332e-03
-7.274471750283950655e-03
2.863468012755276959e-03
1.255971976886982588e-03
5.031081796717629118e-03
3.562219741006344975e-03
3.487641578002964593e-03
-1.754907674200723022e-04
2.105630550808257340e-03
2.941334275341489501e-04
1.559310581772166415e-03
-2.400169266977059124e-03
-1.773348845899747062e-03
3.466757902225836574e-03
-2.528711015621354363e-04
2.133983909041958782e-03
-6.264433570013494545e-04
-1.190475717931960276e-03
-9.598768296914528264e-04
2.262462134698495220e-03
1.162465223327302510e-03
-1.889565792723146842e-03
5.506205459527180324e-03
-2.570794774428009077e-03
3.644890920496024478e-03
-2.889208686374544754e-03
-1.843312995948309663e-04
2.904136722875705345e-03
1.138517225262702937e-03
8.415887073986993983e-04
-4.527826754809893828e-04
-4.175119923713666026e-03
-4.255789277854304942e-03
4.808152222471662185e-03
3.051137194448827472e-03
2.093970955169055514e-03
4.864163218297079538e-03
4.468193400729347786e-03
-1.448649417939762429e-03
2.129286424846554837e-03
-8.349000978977727527e-04
-1.162888448524412865e-03
6.437141001711665922e-04
-6.661842631002556914e-03
2.996257553075309943e-03
2.522641828306859679e-03
-7.566088574133544853e-04
-1.177327126885785447e-03
1.853776648736982224e-04
2.343533449584711548e-03
6.590292888049020803e-04
4.954574959292301628e-03
4.738633144652837359e-03
-1.786506811852106580e-03
-9.941860197422158762e-04
-9.384368670938059154e-03
-2.304749579522535896e-03
-1.975294651170855786e-03
-2.662589281570149069e-04
2.484125558181560223e-03
2.552247671872009960e-05
-3.772393885720148887e-03
1.996847300713255891e-03
-4.219325125220052541e-03
-1.234904746697296218e-03
-2.294030467631102965e-04
