# Delta chi2_r = chi2(OU_r) - chi2(LCDM), pp, theta0.001_Delta0.05, sigma_X=2.151779e-03, H0 re-solved for theta_*; NaN = failure (see fallos_theta0.001_Delta0.05.json)
-9.448695355551706143e-05
-2.407884986066477495e-04
2.040206770530517133e-04
-5.297126692127562819e-05
-6.326859604044443586e-05
-1.206982053076899319e-04
-5.121095844629053317e-05
9.674761203726234271e-06
-5.504783422694004003e-05
1.354836081741694898e-04
-7.348952885166681881e-05
-1.140101415426642006e-04
1.778163201020532824e-04
-4.407938349970663694e-05
-1.069945791094539800e-04
1.837473446055781778e-04
8.304262277469831588e-05
-1.239350930841709442e-04
-7.291222437544320201e-05
-2.264069557824655021e-04
-5.959154424317603116e-05
-2.247392607070963777e-04
-9.318578684691658509e-05
-7.031772046062201298e-05
-4.497878857456782953e-05
9.798205670286108671e-05
8.397881909871784956e-07
6.239409876407364663e-05
2.204583133718074350e-04
-1.482444801403914880e-04
1.141950270344693763e-04
-7.413087346286317825e-05
3.082980892088471592e-05
1.100590642622023552e-05
-1.960746969587034982e-05
9.076194065116283127e-05
9.890925651845350330e-06
3.316120884555573411e-05
1.012373011963774161e-04
-1.861975851031871798e-04
1.297442273617832598e-05
-1.660900873030612956e-04
1.503581428199396441e-04
2.015443814755712992e-04
1.534852812135056865e-04
-2.740135933443355043e-05
1.003685239524543249e-04
1.562457201185196709e-04
-2.412624823673326091e-04
-1.626210115368564857e-04
-6.423795247023633692e-05
-1.934178471110215014e-04
1.128587427281502187e-04
-1.201906796932661337e-04
-8.745454575631583793e-06
-1.913831749007499639e-04
4.636710299799062796e-05
5.531029826144617800e-05
-1.655287397195337462e-04
5.012070605836527193e-05
-1.913560123387725298e-04
1.711806416082595206e-05
3.032899953403500604e-05
-3.319885883357187595e-05
1.001395970590124307e-05
-2.550923799979898376e-04
-7.613865383149232002e-05
1.219501060472083509e-04
-2.541375667597378651e-05
4.385699005915455473e-05
-5.685408774880329474e-05
2.652207440156928442e-05
-1.101858783414400023e-05
1.303761036979267374e-04
1.950844430105291849e-04
-8.940583362537779522e-05
-8.874689069315877532e-05
-1.620319197659370047e-04
4.084143199456491402e-05
-1.223596257471371018e-04
7.712409539983866580e-05
-1.233597891552307146e-04
-1.625083199936483425e-04
-3.331833877950884926e-05
3.811804746334246374e-05
-1.684392166829695725e-04
-9.946316849784864189e-05
-1.093291459870471272e-04
8.907520642509325626e-05
-1.049880636347921836e-04
-1.075999151467499360e-04
-2.444436964648133426e-04
-6.384143216031645807e-05
-1.863673476787397476e-04
-6.229776091970506968e-05
1.029809761821098846e-04
-4.248461121214575087e-05
2.696901896808157062e-04
-1.133270436000088921e-04
-3.594694944197840414e-05
3.412105845690405204e-05
5.277103714185216177e-05
-2.046263850008500640e-04
-4.165345903395234473e-05
-3.056743038598597195e-05
-2.174682199349575740e-04
2.021432382015575513e-05
7.708321768262749174e-05
1.222909756304346729e-04
1.547475082563920523e-04
1.490791284002312977e-04
-1.554050754677405166e-04
-1.150967140191028193e-04
-1.057209283779059206e-04
-1.370653737300386865e-04
-9.984125538586852144e-05
-3.384222088342880852e-06
1.874907055405827805e-04
4.793213043363664383e-05
-3.291179235631602751e-05
5.073740898886569539e-05
1.326531656253848723e-04
1.423542871119565234e-04
1.842862660783595175e-04
1.680653186291181100e-04
-2.996860347082019871e-05
4.044146502302226054e-05
-1.396405163962555207e-04
-1.484900723873749939e-04
-2.234837026744429522e-04
-3.337187744278935497e-04
-8.931493739261497922e-05
-8.332393824161954399e-05
9.125716713853648798e-05
-6.646755545958171751e-06
-2.957507797862746202e-04
2.164201138121768508e-05
8.684509503709136879e-05
1.863554823557933560e-04
7.144644178858072792e-05
8.827485073403806837e-05
-2.588551359217206027e-05
1.661369083638675193e-04
-7.780870738649525720e-05
1.006701479671079369e-04
-1.324810812626253664e-04
-7.624049825238898848e-06
4.074944799903335024e-05
-4.333352338115048497e-05
-2.084669992541421379e-05
1.485721075891177634e-04
-2.275126431783291991e-05
9.487273110408978027e-05
6.644306722591863945e-06
6.994104584379101652e-07
-1.269117623632354253e-04
2.142997583192141065e-04
-5.547532010297118177e-05
1.014645494858967822e-04
-6.633443693004892339e-05
1.085691621405260321e-05
1.389201439589982101e-04
2.142479757960558118e-04
-2.020679801617575322e-05
-1.350945899467603795e-04
-1.220646463657715231e-04
-1.240834478171137789e-04
1.851939974937266697e-04
8.890692910767938884e-07
6.359692632074143148e-05
1.652507142111403482e-04
2.131958815958512332e-04
-4.387704530195435382e-05
9.794095402781977100e-05
1.611890316688402436e-05
1.024388807735476803e-05
1.650367597534341257e-04
-2.243633530820687838e-04
7.835700115776944585e-05
1.789607688884586878e-04
-3.448667134975380577e-05
-1.655848921728875212e-04
4.766214105167421167e-05
1.321927135400358111e-04
1.547935929124832910e-05
2.345701086330365115e-04
3.221224036060732487e-04
1.809344117909006400e-05
1.205587254045070722e-04
-2.087954341387643353e-04
3.695540436865485390e-05
-2.297296758513311943e-05
-1.757455361683923911e-06
6.580915118625796367e-05
-1.376307417988442694e-04
-1.452517212339188291e-04
9.655767681771010302e-05
-5.741188599017732486e-05
-4.226873085677596009e-05
-1.882136455488847560e-04
