# Delta chi2_r = chi2(OU_r) - chi2(LCDM), TT, theta0.001_Delta0.05, sigma_X=1.000000e-04, H0 re-solved for theta_*; NaN = failure (see fallos_theta0.001_Delta0.05.json)
-6.241754675784250139e-06
-1.552595371023812731e-05
5.724467111889453008e-06
-2.873263433400552458e-06
-5.390615232414575075e-06
-4.171070894898321058e-06
1.099739968424273684e-06
-3.078129228839543430e-06
-5.650222458797315994e-06
3.754072405826036629e-06
-1.268723959313433625e-05
-3.887088510623470938e-06
5.253206353472705814e-06
1.000345498880506057e-06
-4.527770489204385740e-06
1.054299881531051142e-05
4.341884601188894521e-06
-7.874203536317736507e-06
-2.682157312250410541e-06
-1.681877733972214628e-05
-4.825547812004060688e-06
-4.965716861704549956e-06
-4.488665293678195667e-06
-1.901131660986266070e-06
-4.100051928190850958e-06
2.658136061484128732e-06
-1.099162648898754924e-06
1.573313269886966737e-06
5.811747964656888144e-06
-5.854408257732757193e-06
2.054443974941477791e-07
-1.045965035473273019e-06
1.867811253219997525e-06
1.473538269181062788e-07
-8.171496013176238193e-07
1.881214661381136466e-06
-3.054034856120324548e-07
3.455091324156001065e-07
2.485945728381011577e-06
-9.361299188270777449e-06
1.609568645477565951e-06
-1.135774788352250653e-05
8.944962349488605469e-06
7.178682572828165576e-06
4.671690266633277133e-06
-3.406267165217968795e-06
6.269573329831246156e-06
8.310259712374090668e-06
-1.114491891485158703e-05
-1.055352747059146168e-05
-2.595194278143253541e-06
-7.982043683796291589e-06
3.654338609493379408e-06
-4.871532873096384719e-06
2.457814574086114590e-08
-6.981620046531133994e-06
3.677680773250813218e-07
2.394704861075069857e-06
-9.040282261452148305e-06
2.105176001521158469e-06
-9.142538285544787868e-06
-4.595150748798459972e-07
1.328175127213171436e-06
-7.077928632526209185e-06
1.249994763696804512e-06
-1.406826383032466765e-05
-5.508549993038514003e-06
1.095585218635619640e-05
-2.503134513887061985e-06
3.657962821534965769e-07
-3.654215682047379232e-06
-1.143541581427598430e-07
1.999086371995417721e-07
4.901776506471833272e-06
6.000078411005915768e-06
-7.000454861127991535e-06
-2.324849813106766305e-06
-7.507707461940071880e-06
5.902024749815382165e-06
-8.988644609075890912e-06
5.330510997936244166e-06
-7.034670765904138534e-06
-5.950017069267232728e-06
-3.305067096448510711e-06
-3.775759878976714390e-06
-5.888858812141961607e-06
-1.138787741439273304e-06
-5.735424647212994387e-06
3.684135744919103672e-06
-6.983183570952178343e-06
-4.030907188479204706e-06
-1.078178017266395727e-05
-1.986881635218651354e-06
-9.380874448794429554e-06
-3.212957626175239056e-06
9.455888125842193404e-07
-2.768050602952598638e-06
1.151743272842509214e-05
-5.942138834313936968e-06
-3.711377800641457725e-07
-2.129038726650378521e-06
-1.965410305615478137e-06
-8.405427049495983738e-06
-2.553051615450385725e-06
-2.507823321451496668e-06
-1.266453143955459382e-05
9.960795388508358883e-07
3.644240610611859665e-06
7.383199708499432745e-06
5.730005003812266295e-06
9.288276853425259105e-06
-6.160282698175478799e-06
-6.574713420803846020e-06
-8.732996132465586925e-06
-7.261227803923020474e-06
-6.380252308701983566e-06
1.335665285040477102e-06
1.006645898726787891e-05
6.722928368674274680e-06
-5.080023136372346926e-06
1.279575442936220497e-06
5.310790982093749335e-06
7.758608916219600360e-06
5.615693336125104906e-06
5.840493532360824247e-06
2.298498895214606819e-06
-3.216093951152743102e-07
-6.031796736749583943e-06
-3.724995742970804713e-06
-1.293799044432830669e-05
-1.713380124712671204e-05
-8.107047605676598323e-06
-9.282592092318964205e-06
6.550972067032034829e-07
1.503614772246919529e-06
-2.123776348739170317e-05
3.974223197644732863e-06
6.640290646231505889e-06
7.024398819055477361e-06
4.277860053747417624e-06
6.177105255744663737e-06
-3.129723523898064741e-06
8.983724431033124347e-06
-2.967397556119522051e-06
6.464869819922114402e-06
-3.909634134657835602e-06
-4.497579787710037635e-06
6.080168173383526664e-06
-1.178543055146974439e-06
4.964348967462228757e-07
4.664196509907014843e-06
-1.851803151708963924e-06
-4.631924888087723957e-07
1.109599573112518556e-06
2.985790459320014634e-08
-5.880897688825825753e-06
1.108475168010158995e-05
-2.207386554431423065e-06
8.189918116130456838e-06
-1.829928613972242601e-06
-1.555892179538886921e-06
7.243055694772237985e-06
1.037245147728071970e-05
-2.831026588268059641e-06
-2.945911191432060150e-06
-5.189105301894869626e-06
-7.300021053424643469e-06
1.188971316068432316e-05
3.636695755204755187e-06
2.676471346774178528e-06
9.935624198931236606e-06
1.239985778767049851e-05
-4.769463433973442079e-06
9.413425775761652403e-06
-1.268735182691216323e-06
-3.102452122760723796e-06
5.472020401242616572e-06
-1.096938622424659115e-05
1.178344938068676129e-06
4.674230627443876074e-06
-4.321421176456397006e-06
-6.412913645448270472e-06
3.242396534375302508e-06
5.916749135082000066e-06
-7.199339435715046420e-07
1.255403596545079381e-05
1.481715523965476677e-05
-4.932035665206058184e-06
4.695923497166631932e-06
-1.238638881417841731e-05
-3.041550950655391716e-06
-2.487574562337613315e-06
-2.438341688559830800e-07
2.090264697329757837e-06
-6.003301944446093330e-06
-6.990625532665717401e-06
6.593954754663400308e-06
-5.754082700093476888e-06
-4.620884254791235435e-06
-6.917552262564186094e-06
