# Delta chi2_r = chi2(OU_r) - chi2(LCDM), pp, theta0.001_Delta0.05, sigma_X=1.000000e-04, H0 re-solved for theta_*; NaN = failure (see fallos_theta0.001_Delta0.05.json)
-4.511118333994090790e-06
-1.111533534370323650e-05
9.606327690647731288e-06
-2.435452799431914173e-06
-2.810326915181349250e-06
-5.420471749673083650e-06
-2.214725471461065354e-06
4.835069447040041268e-07
-2.841922942309338396e-06
6.302310785244458202e-06
-3.308401323565135499e-06
-5.500069690356212959e-06
8.402890227188208883e-06
-2.017424924005695175e-06
-4.963679872460602382e-06
8.533593993220733864e-06
4.079269844581290272e-06
-5.828459798351559584e-06
-3.294388008612259000e-06
-1.068911609891642911e-05
-2.682268869236281716e-06
-1.028400215297153864e-05
-4.617411789809011680e-06
-3.370461270080227223e-06
-2.339577511278889688e-06
4.673657343801096431e-06
1.676942300576911293e-07
3.176451146558179062e-06
1.042741129531066235e-05
-6.908206328759547432e-06
5.484668299970962835e-06
-3.409435679557759613e-06
1.410179294225599733e-06
5.115260819366085343e-07
-8.911612479067798631e-07
4.284141652988182614e-06
5.214056226776619951e-07
1.495397805584275375e-06
4.728075660764829991e-06
-8.767485283556197828e-06
5.760326136083904203e-07
-7.576055454094898778e-06
7.099580040303976602e-06
9.517073207732096307e-06
7.256205273975524506e-06
-1.261959525322708942e-06
4.795373806487646107e-06
7.209040534306154768e-06
-1.142664806508264519e-05
-7.719613352108467552e-06
-2.898798671324698262e-06
-9.273842788815045424e-06
5.377728722777419534e-06
-5.542038525874204424e-06
-4.991388902197968491e-07
-8.939229294568917794e-06
2.139102099008027835e-06
2.793500081921251876e-06
-8.016421801926298940e-06
2.534705179968455013e-06
-9.042878449605495916e-06
7.684105973737587192e-07
1.373703192086850322e-06
-1.545696376226146640e-06
4.021230353146165726e-07
-1.195904936501790417e-05
-3.430213073585264283e-06
5.826299320332850584e-06
-1.175663069119536885e-06
2.123529013076108640e-06
-2.916733457425380038e-06
1.038365358141390971e-06
-4.563246047695201923e-07
6.161985890429377832e-06
9.079638509490450815e-06
-4.495948321192599906e-06
-4.324652415732543886e-06
-7.786514220953222321e-06
1.997562256050855467e-06
-5.647393086505303472e-06
3.714088352424482764e-06
-5.738558378709512908e-06
-7.654498299203282841e-06
-1.602051124649506164e-06
1.863876605057157576e-06
-7.834590824984388746e-06
-4.663346331312823168e-06
-5.423715105479232079e-06
4.345760007851140472e-06
-4.844003168358312905e-06
-5.062622394191862440e-06
-1.134671512836860074e-05
-3.071448546165811422e-06
-8.520665325306708837e-06
-3.048209370248855521e-06
4.761536334996208097e-06
-1.997380058682551862e-06
1.264218643726167102e-05
-5.380664241272370418e-06
-1.689766261137037873e-06
1.701113216512339932e-06
2.602929864536918103e-06
-9.502332801503143855e-06
-1.835677414518954720e-06
-1.461944329150810518e-06
-9.950835380578837430e-06
1.092709462469088066e-06
3.537742998105386505e-06
5.671462911749358682e-06
7.116303539334012385e-06
7.054709566745032134e-06
-7.303815911186006815e-06
-5.501761245696457081e-06
-4.804349147846664891e-06
-6.574081769628037364e-06
-4.759754011374184302e-06
-6.081838677118867054e-08
8.872751887878393973e-06
2.169052539358062859e-06
-1.592107652825802688e-06
2.500743836009178267e-06
6.218995412865524486e-06
6.851135106344941050e-06
8.551677126433787635e-06
7.836925149717899330e-06
-1.370977237513670843e-06
2.017206385929171120e-06
-6.804096447154961425e-06
-6.861128385438064470e-06
-1.029906232652422204e-05
-1.575541643283884241e-05
-4.143588997251868022e-06
-4.016761161906856614e-06
4.157142868166374683e-06
-1.902321180580202054e-07
-1.377442935712736016e-05
9.469913901938298295e-07
4.142139752971729649e-06
8.667705232667799464e-06
3.529868850549178205e-06
4.176510536524347117e-06
-1.216449035723599081e-06
7.748396717133232414e-06
-3.667144836683178255e-06
4.557087679657456647e-06
-6.283931366368733507e-06
-3.121748761714115972e-07
1.823247202992206439e-06
-2.091148278537957594e-06
-9.293384977127061575e-07
6.896200449801881405e-06
-1.004130947279691100e-06
4.379481749694491555e-06
4.605167021054512588e-07
2.870555277922903770e-07
-5.879088199378657009e-06
1.008145899561441183e-05
-2.682057939296100812e-06
4.818341146517468587e-06
-3.163608438327969452e-06
6.427871088732217686e-07
6.437165547268364207e-06
1.010490074015990558e-05
-9.504763589518461231e-07
-6.351486980804565974e-06
-5.783101945766588869e-06
-5.687876795335000679e-06
8.662227932276778120e-06
4.804697084637155058e-08
3.063338306574792114e-06
7.722078022354139648e-06
9.918084643345537188e-06
-2.153292580686638757e-06
4.714349895351688247e-06
9.552523518863154095e-07
5.743536704017060401e-07
7.565256696651090351e-06
-1.057189284203730040e-05
3.591359007515393387e-06
8.328429084158983642e-06
-1.848937783321957795e-06
-7.842289809545377466e-06
2.283831495475396878e-06
6.298969607243520841e-06
5.974272774267319619e-07
1.108769827240507766e-05
1.503982172934570372e-05
8.571327061446254447e-07
5.545421744912459872e-06
-9.674894970501668467e-06
1.973728894100190701e-06
-9.510219136643627280e-07
-1.743402044951380958e-07
3.148580670853107222e-06
-6.562959775635590631e-06
-6.737048307670079339e-06
4.526319152375890553e-06
-2.573025151164642921e-06
-2.041018893450541327e-06
-8.831553694577110036e-06
