# Delta chi2_r = chi2(OU_r) - chi2(LCDM), TT, theta1_Delta0.05, sigma_X=1.000000e-04, H0 re-solved for theta_*; NaN = failure (see fallos_theta1_Delta0.05.json)
-1.235192423081343804e-04
-3.875429662762996941e-04
-4.110231096277061624e-05
-3.818928330190374254e-05
-2.199174622248278865e-04
-7.449228398570539866e-07
1.824703933621663055e-04
-3.075124203988366389e-05
-1.465461196197281879e-04
3.334394030218845728e-06
-5.195430283073676492e-04
3.348430841754179710e-05
-4.361482883652456621e-05
1.386942791441470035e-04
-1.085276863932449487e-05
2.628351923021909897e-04
1.044184093501598909e-04
-1.621676733343235810e-04
-3.821955776217578205e-05
-5.127765256389693604e-04
-4.749815666826862071e-05
8.274652035922258619e-05
-4.720716417239145812e-05
-8.059852468988992769e-06
2.880974786734213922e-06
9.632793462088784509e-05
-5.880628311771829431e-05
-9.799300361379437163e-06
-1.225194112350891373e-04
-1.171393376289131538e-04
-1.390832498238125936e-04
1.562234037990606339e-04
8.734147095879052358e-05
-4.018168182540193811e-05
-2.836023506347373768e-05
-1.095529027921315901e-04
-6.211324408766927263e-05
-6.711314606278051542e-05
8.846150465657842688e-05
-1.981663476797734802e-04
8.054984683880661578e-05
-2.509431524195804286e-04
2.488492762289240545e-04
6.363849704271729024e-05
8.457006488526985777e-05
-1.736462992631970792e-04
1.815006216610015599e-04
2.055646140490807738e-04
-1.886284885905809006e-04
-2.735901357056036431e-04
-3.051051446334440698e-05
-4.872005484202190928e-05
4.556871296657050152e-05
-2.126625239640134168e-05
4.308002771935548481e-05
-1.073690863506726600e-05
4.165338209105584610e-05
7.010822560715723739e-05
-2.772408868025877382e-04
6.715917062649623404e-05
-8.396533283772100731e-05
-1.704023772219898092e-05
-8.221643667738476324e-05
-3.029126531792769583e-04
3.367497292217080940e-05
-2.241263751940891780e-04
-1.157353318461673553e-04
2.961689481537632673e-04
-3.620031354145680780e-05
-4.599599425603173586e-05
5.689069737258023451e-05
-3.590617838966636555e-05
4.986031333942264610e-05
1.195606977759666734e-04
1.041387846072439061e-04
-1.268974158925573192e-04
-3.367890087702107849e-06
-1.373953028362961959e-04
2.175893408988827105e-04
-2.225078234658894871e-04
6.613304723401824958e-05
-2.133337728729145510e-04
5.241093493779658274e-05
-7.192147636203571892e-05
-1.784283340882097946e-04
-2.792896519565601920e-05
1.890861117068709518e-04
-8.728545815017696441e-06
1.232564700508476108e-04
-1.871725387943001806e-04
1.717702289738554100e-05
-7.776052277819189840e-05
1.373324708886514145e-04
-2.341022609400056353e-04
-6.321187576219244875e-05
-7.240343038006358256e-05
1.233539004097394809e-04
3.842328809611217366e-05
-1.804770978743874821e-04
1.044975960695637696e-04
-1.823839631924784044e-04
-1.402780485904031593e-04
-2.908886411745470468e-06
-9.816595341050060597e-06
1.860189545510593234e-06
-3.704499262049409936e-04
8.608836325763036257e-05
1.035864090184190900e-04
2.193924228635069085e-04
5.964128213875596884e-05
2.561211552425390892e-04
-7.006466483971962589e-05
-2.470068000413050413e-04
-2.064743216720898999e-04
-1.499988640389915417e-04
-1.627241676587232178e-04
-2.474319122924839576e-05
2.517714107845847593e-04
3.468732648919115036e-04
-1.001139941045892101e-04
-2.449325656073142454e-05
2.722390190612600236e-05
1.341549921747287044e-04
-1.325985037681221002e-05
8.038502580731687885e-05
1.836183398431501246e-04
-1.452565778983228029e-04
-3.331939641526560081e-05
5.559000480914733089e-05
-2.332884621587538732e-04
-3.193980271518626068e-04
-2.307001681067788468e-04
-3.200202426114628906e-04
-7.292828661675798685e-05
1.563956423602519408e-04
-4.883411080847110952e-04
1.590966344053867942e-04
1.346994984956495500e-04
1.296491358466766997e-04
1.809847976232958899e-04
2.500413239090448769e-04
-5.568795438648521667e-05
1.259953476626662905e-04
3.703226261819736465e-05
1.450290582702962183e-04
5.540917786817090018e-06
-1.380946570108676497e-04
2.997513718838717978e-04
4.863702614699150217e-05
1.349530276257837613e-04
-2.124114530133169865e-05
-1.041164602355593161e-05
-1.068257088157054113e-04
8.158666166835359945e-05
5.252099624186712390e-05
-6.022116706105862249e-05
2.775779899337749157e-04
-7.179602630102976946e-05
2.626247534820436158e-04
-2.216627168749596422e-05
-4.045323911228138059e-05
1.730203839045429959e-04
7.655687460683680001e-05
-8.627948062667201157e-06
6.768271300927608536e-05
-1.282697271953736617e-04
-1.986743674713409291e-04
2.740484485350691557e-04
2.566444828318026339e-04
9.118588896583901260e-05
2.862650650108378159e-04
2.774338399547104927e-04
-1.372656586724474437e-04
2.385896891432537359e-04
-5.588315760007844801e-05
-1.446578145838373075e-04
-3.813568259758426393e-05
-2.810094881944280587e-04
3.441844464902032996e-05
4.189730790216117384e-05
-8.707547726771736052e-05
-1.193810622268642874e-05
4.547933504994716714e-05
1.166701468662267871e-04
-3.293672502024946880e-05
2.905032237556781638e-04
2.223921652877436372e-04
-2.551652674043225488e-04
-5.221207661776361419e-06
-4.238637233591191489e-04
-1.774018151969869450e-04
-9.277749567360160654e-05
-6.532138506543105905e-06
7.415645537278692245e-05
4.251483723294313677e-06
-1.759500782974043886e-04
1.641868239019572684e-04
-2.454525024937481703e-04
-1.345487046116033980e-04
6.001614522688214493e-05
