# Delta chi2_r = chi2(OU_r) - chi2(LCDM), pp, theta1_Delta0.05, sigma_X=1.000000e-04, H0 re-solved for theta_*; NaN = failure (see fallos_theta1_Delta0.05.json)
-1.069655202563524199e-04
-3.259856147490580724e-04
5.940396449233276144e-05
-2.813633424025852037e-05
-1.769526601709259239e-04
-2.901969041957386253e-05
1.273484359529675203e-04
9.559475012999030241e-05
-1.081636951614228792e-04
6.887465100646750216e-05
-3.126284718195648793e-04
8.261950352306257628e-06
1.745272368935957275e-05
1.425061201310029446e-05
-4.495484545330441506e-05
1.900220958965803675e-04
8.854180640938125180e-05
-1.868615939866202780e-04
-1.210720444380086747e-04
-4.007183230605448898e-04
2.482929031621949889e-05
-9.422660666658089212e-05
-6.503643692035154800e-05
-1.381000498916762353e-04
5.457104984607497045e-05
1.223066397475491840e-04
-6.068863594954621021e-05
-1.870467356113181268e-05
1.499878426081124871e-05
-1.862254684787956194e-04
-1.775785375990324155e-05
5.085611068800233170e-05
8.216474043720722875e-05
-6.180649701370555249e-05
-4.777370910780120994e-05
-4.310922705208497518e-05
-4.101590515581676755e-05
-1.206256341568234802e-05
1.339470593624270123e-04
-1.911086555601571035e-04
6.014221072625502984e-05
-1.929204239203841098e-04
1.563722910322695725e-04
1.480179963007088872e-04
1.358642618374261701e-04
-1.346146123761826630e-04
1.677343796195884806e-04
1.692107882362847704e-04
-2.191047675879076451e-04
-2.671889955827566610e-04
-6.655378382447452168e-05
-1.110725196955542060e-04
9.549397004704474057e-05
-2.613646772253730433e-05
-2.332862624676579344e-05
-8.198518436053348069e-05
5.510732302127507864e-05
4.615451657663527385e-05
-2.773166549641103984e-04
3.254699911359182352e-05
-7.925926144203288004e-05
-3.085810391212362447e-05
-1.318044190554701345e-04
-2.206483110303025796e-04
-2.919665762668444131e-05
-1.906265266669038283e-04
-1.114041487930705898e-04
1.515784603345338155e-04
-3.134833710127793438e-05
-2.519405294876264634e-05
1.171345552890556974e-04
-2.454860384304424770e-06
5.077250209595263186e-05
1.157946561924916296e-04
2.004984212824467704e-04
-9.075037490902104764e-05
-8.550741917012771864e-05
-1.486552046667810600e-04
1.248432801439491868e-04
-1.901979264538056213e-04
2.581493690989589140e-05
-2.032563379401608472e-04
-9.533128887184716405e-06
2.933233426816173051e-06
-5.215161999494455358e-05
-8.107655878752950684e-05
1.218299890144436404e-04
1.961942404449246169e-05
1.353388207476768912e-04
-2.085769463029407689e-04
-1.843719756422501632e-06
-1.664703348662754934e-04
1.646741814340657584e-04
-2.636122091992376681e-04
-8.717449018469380917e-05
-1.444209389056538839e-05
1.612964618331602651e-04
7.990194322182730957e-05
-2.517139534568002546e-04
9.737760744421564141e-05
-9.547579311863785279e-05
-4.886620885891090893e-05
-5.083071233435987324e-05
-6.070844872141378801e-06
4.805613310132628158e-05
-3.480202824182043742e-04
4.477820178117042360e-05
6.883176231298193670e-05
1.619965970345305095e-04
9.560847927936322321e-05
1.948797133799473613e-04
-1.340816089374641251e-04
-2.881194199240155740e-04
-1.487479040065409208e-04
-1.456202294853881085e-04
-1.844719712575937365e-04
-8.778701753975326483e-05
2.364579269755751056e-04
2.440089911264209377e-04
-1.889375425001560416e-05
9.332641550230391658e-06
3.781030035554522328e-05
7.580900592252248771e-05
7.691379126661956889e-05
1.606183758546819718e-04
7.256730698479429975e-05
-1.111982984891568549e-04
-2.297997932387829678e-05
-3.931711090032763423e-05
-1.352337632845035387e-04
-3.391822540432798405e-04
-1.955553387240627217e-04
-2.115721010635951416e-04
3.085690958037901055e-05
1.248077801836444678e-04
-3.425323045327388627e-04
1.298008356460655932e-04
5.734257066691839100e-05
2.323585333776634343e-04
1.653871035003362522e-04
1.620139317388691325e-04
-8.211303287097848624e-06
9.693341337602134899e-05
1.378447583100239626e-05
6.780171967335490990e-05
-1.122388378735905690e-04
-8.429753806105111380e-05
1.599185189675722540e-04
-1.269293682604200058e-05
9.857135909818737218e-05
-2.920727433242120696e-05
-5.609701560160829104e-05
-4.624067792491359796e-05
1.045563844197516801e-04
5.301517822609014274e-05
-8.849715148429027067e-05
2.551065073141955963e-04
-1.203483072931277320e-04
1.692980078704664493e-04
-1.349185438819233696e-04
-9.073228106615260913e-06
1.348167541230793631e-04
5.269465574642140382e-05
3.864363463179643077e-05
-2.151268146199925013e-05
-1.950666092298547483e-04
-1.986383348064890697e-04
2.209506334729383070e-04
1.418732529412380927e-04
9.522914330695186891e-05
2.253728145102940061e-04
2.057856539430247267e-04
-6.800893254066409099e-05
9.904555658657443473e-05
-3.869260276445629643e-05
-5.618615273839111524e-05
2.985264458388314779e-05
-3.116149979085491850e-04
1.383586808483272534e-04
1.162549291997549972e-04
-3.522802958855208999e-05
-5.522955187053923964e-05
8.766538636351128844e-06
1.086512992181098980e-04
2.902206213128977197e-05
2.295230720079644016e-04
2.182361073135297147e-04
-8.347259745278279297e-05
-4.588590666187997158e-05
-4.395978145677048587e-04
-1.071723791721268526e-04
-9.200788598207054747e-05
-1.262932553380835543e-05
1.147896382001079019e-04
8.130037407738655020e-07
-1.757051150654831417e-04
9.161520037892501023e-05
-1.961046403113897441e-04
-5.747272725287189132e-05
-1.153049702473651905e-05
