# Delta chi2_r = chi2(OU_r) - chi2(LCDM), TT, theta1_Delta0.05, sigma_X=3.412865e-04, H0 re-solved for theta_*; NaN = failure (see fallos_theta1_Delta0.05.json)
-4.192366262003588417e-04
-1.323094524757095769e-03
-1.363471286737194532e-04
-1.315148176992408935e-04
-7.463882687552825246e-04
2.557815143688912940e-06
6.273975824946376179e-04
-1.058879354509656423e-04
-4.998734796792803081e-04
1.189147556246439308e-05
-1.775156579629566522e-03
1.161852460001000509e-04
-1.450853710274202513e-04
4.729835920294078733e-04
-3.869084341090456292e-05
9.006895664107616994e-04
3.560458198137439467e-04
-5.547688209652790192e-04
-1.289633619272478882e-04
-1.746473151417404779e-03
-1.603428254313143952e-04
2.868312834998221206e-04
-1.622441933619711563e-04
-2.628448531893923246e-05
1.431750191471792277e-05
3.315261862333329645e-04
-2.008193457996299003e-04
-3.246390948419275446e-05
-4.157234806214660239e-04
-3.988304910791384827e-04
-4.739895465029064781e-04
5.361707431887907660e-04
2.974771231123440884e-04
-1.346617087385482137e-04
-9.611331616099505482e-05
-3.712797045345439528e-04
-2.104794499651063688e-04
-2.310289866436221473e-04
3.045480707406511556e-04
-6.733773101714746190e-04
2.799771998986955168e-04
-8.575493207771955895e-04
8.486070407158763373e-04
2.204133766738891609e-04
2.872129897468767012e-04
-5.901342830831879382e-04
6.176866170122252697e-04
7.027033837232465885e-04
-6.435466824328273105e-04
-9.347094510800957323e-04
-1.018852472896014660e-04
-1.681340775725459480e-04
1.550103587995010912e-04
-7.520465437949042098e-05
1.501961948875418784e-04
-3.348816248305297449e-05
1.406509150676527042e-04
2.406382589974498387e-04
-9.434443746663134789e-04
2.285217591335708676e-04
-2.830286273436399824e-04
-5.999340787710139011e-05
-2.820777161467447058e-04
-1.034876950196661483e-03
1.144709558396073135e-04
-7.622567820675385519e-04
-3.957354856503059182e-04
1.010958982064380507e-03
-1.217920979925679603e-04
-1.563642019597466515e-04
1.919290740524104422e-04
-1.214468455295047988e-04
1.735733002696804306e-04
4.086843938750917005e-04
3.610066123300725849e-04
-4.294739965864380338e-04
-1.090228716904562134e-05
-4.650927906446611360e-04
7.433351351728845202e-04
-7.587366445633847434e-04
2.276539558607737490e-04
-7.269992406975234189e-04
1.816298996288878698e-04
-2.427260342159343054e-04
-6.067965657443608052e-04
-9.699303521060187450e-05
6.496073882331643290e-04
-2.891248884751007608e-05
4.192222328285311050e-04
-6.355473759427354707e-04
5.903782396998735749e-05
-2.664935412539648496e-04
4.707841111120103506e-04
-8.005439480029963306e-04
-2.155342305805163505e-04
-2.484825712301130807e-04
4.221018524077635448e-04
1.295158525493889101e-04
-6.158836503118436667e-04
3.558170591020370921e-04
-6.178019753981800477e-04
-4.798594693795621424e-04
-6.836069246674014721e-06
-3.315679704485319235e-05
6.109387250319286977e-06
-1.263383376915783174e-03
2.941625066021913426e-04
3.571179284094228024e-04
7.536372704777249965e-04
2.083317313612553789e-04
8.774337912775820314e-04
-2.390225538988488552e-04
-8.403631984812420797e-04
-7.067953310233576758e-04
-5.097029918772477686e-04
-5.511989488091728617e-04
-8.136192318275448088e-05
8.592229384802863024e-04
1.183581830424884629e-03
-3.430174872676161613e-04
-8.417339195077033764e-05
9.565081833073918460e-05
4.606075959685540511e-04
-4.265352788124232575e-05
2.775540952981714327e-04
6.247990404411041254e-04
-4.964550850772297963e-04
-1.095145860894319867e-04
1.918617977274550412e-04
-7.962443871676327944e-04
-1.090401970280652222e-03
-7.875336669869170692e-04
-1.090676538112234084e-03
-2.465644216798068555e-04
5.360815924397854815e-04
-1.663727029146855330e-03
5.473223504246504945e-04
4.645755773431403668e-04
4.448259320248837412e-04
6.173671655673729219e-04
8.540498148619235508e-04
-1.916609846119854410e-04
4.318230042947845959e-04
1.311248537767539801e-04
4.963741035126645329e-04
2.282689237276258609e-05
-4.704111411619749106e-04
1.023005694513301478e-03
1.670333343497532042e-04
4.646750525800769083e-04
-7.493847138917431039e-05
-3.072050234464995810e-05
-3.596527392879522722e-04
2.813177529858990056e-04
1.818905918646862574e-04
-2.032613595055465794e-04
9.471443446393834620e-04
-2.448549870806004947e-04
8.962380251666957065e-04
-7.629015179588805040e-05
-1.391664285819160796e-04
5.907823364381670217e-04
2.617517405489877547e-04
-2.676456257333370559e-05
2.338511217843119994e-04
-4.349010322641788662e-04
-6.767471728998941671e-04
9.341298885665594298e-04
8.777789921055045852e-04
3.137931169767682604e-04
9.810229793139058074e-04
9.515700118747361103e-04
-4.656890211727215956e-04
8.174914211451778101e-04
-1.903953964905724661e-04
-4.914762239494052665e-04
-1.281532436117061025e-04
-9.565974359126983018e-04
1.209312173564569548e-04
1.451999453792041095e-04
-2.955178278440939721e-04
-3.705694961908534424e-05
1.569472696765217279e-04
3.966726730695313563e-04
-1.115259630886100695e-04
9.898113736532820894e-04
7.576481899249642993e-04
-8.683490242979985396e-04
-1.761571373748438418e-05
-1.444592696881130678e-03
-6.031686516543288690e-04
-3.115645963163160559e-04
-2.155662223657373033e-05
2.550357339465847417e-04
1.759228285536096337e-05
-5.962639334278208025e-04
5.595560181674841260e-04
-8.342502422955533348e-04
-4.561748288303135723e-04
2.089010515291533920e-04
