# Delta chi2_r = chi2(OU_r) - chi2(LCDM), pp, theta0.001_Delta0.05, sigma_X=3.412865e-04, H0 re-solved for theta_*; NaN = failure (see fallos_theta0.001_Delta0.05.json)
-1.505189428918640715e-05
-3.800140578036348415e-05
3.232416886866928962e-05
-8.472009934479274307e-06
-9.913598542965473825e-06
-1.935806432484810102e-05
-7.962502055036679849e-06
1.343640517958988312e-06
-8.665732702084483208e-06
2.149108109428254920e-05
-1.151488800488209563e-05
-1.792666317435021028e-05
2.831261094193848749e-05
-6.996222177590993851e-06
-1.704101642374666881e-05
2.931234111258618213e-05
1.314582040379264072e-05
-1.959025015274562520e-05
-1.163520574642973315e-05
-3.608302647606365099e-05
-9.308519144823890201e-06
-3.579029481670659152e-05
-1.496433052849965861e-05
-1.125933701651149477e-05
-7.379606660862236822e-06
1.557089148995771666e-05
2.776340242149899495e-07
9.762137480606725148e-06
3.502152170753447535e-05
-2.327815214009376632e-05
1.805806124366426957e-05
-1.177795833662287350e-05
4.902840206710834536e-06
1.863428744641737467e-06
-3.179060001912148437e-06
1.432684410218598714e-05
1.522934285347332661e-06
5.334668680134768692e-06
1.611529717138182605e-05
-2.949580576228072459e-05
2.053745150831787214e-06
-2.623216566632891045e-05
2.384696792034901591e-05
3.199810728027330242e-05
2.430288912158573567e-05
-4.362683633019059926e-06
1.591014193635942320e-05
2.461053826863235372e-05
-3.827271990353153797e-05
-2.577423276051149514e-05
-1.008721738493534303e-05
-3.060381638952947014e-05
1.796990153302147064e-05
-1.893313240053373647e-05
-1.256094638080185177e-06
-3.045031791337748928e-05
7.412053676603136410e-06
8.724065207132980504e-06
-2.628278662797356446e-05
7.906192420747970573e-06
-3.052867387332014459e-05
2.714036323681057183e-06
4.836700099986046553e-06
-5.401805145410776277e-06
1.432391041333858084e-06
-4.046382484723665129e-05
-1.206523020336192076e-05
1.924399561659129176e-05
-3.982919523082273372e-06
7.166752610032744997e-06
-9.062734443787689997e-06
4.227695113101503921e-06
-1.835304088260159006e-06
2.047839139329710179e-05
3.114474602661232439e-05
-1.445569428071280527e-05
-1.419885523112895953e-05
-2.577258176295060821e-05
6.605556022165615104e-06
-1.910955619166543329e-05
1.241905508919671774e-05
-1.941628162782649270e-05
-2.598380206642048051e-05
-5.604358133126652319e-06
6.023980841263210095e-06
-2.674896883014810101e-05
-1.574317811581238402e-05
-1.740103811265214517e-05
1.422389423133552100e-05
-1.648135951803908483e-05
-1.717186806082793282e-05
-3.897765788885010352e-05
-1.021699364756045725e-05
-2.943590251014427395e-05
-9.762634675780645921e-06
1.625530106785788576e-05
-6.544963889965060844e-06
4.285600116205046106e-05
-1.791548937823961296e-05
-5.795074585535076039e-06
5.309172721013055707e-06
8.173862923399610736e-06
-3.227157292329252414e-05
-6.735319001194284283e-06
-5.183351664328483821e-06
-3.466733121193499301e-05
3.074777122691330078e-06
1.235481248507142027e-05
1.960894307373450829e-05
2.482367202283342067e-05
2.376684136606854736e-05
-2.452563564148135811e-05
-1.819602206687420676e-05
-1.680714048823972462e-05
-2.167658721496934504e-05
-1.574180957675253012e-05
-3.115826920918607357e-07
2.991447592748386342e-05
7.846990209614546075e-06
-5.164782757915986622e-06
8.081171005258624973e-06
2.109170077346789185e-05
2.238361204831562645e-05
2.937236599365178336e-05
2.645030236969603266e-05
-4.665906660150653806e-06
6.499597315468008674e-06
-2.214245612819354392e-05
-2.377508117490378936e-05
-3.558593670582865798e-05
-5.288860337948619872e-05
-1.419657094992032853e-05
-1.297837631142328974e-05
1.456443656344674764e-05
-1.016370806183886089e-06
-4.698187156826350019e-05
3.428241143410559744e-06
1.349172773323914498e-05
2.954121372589213479e-05
1.153876463533265451e-05
1.393731595911162913e-05
-4.152645264099419364e-06
2.652301110828148012e-05
-1.243896567970637079e-05
1.600383170874408734e-05
-2.103471430281445009e-05
-1.152601933895880393e-06
6.446123499870282103e-06
-6.947246344424229392e-06
-3.253258375579548556e-06
2.371369039266824075e-05
-3.638533149441514070e-06
1.502339740611091656e-05
9.236159748127192870e-07
2.985237479435909336e-08
-1.999942760200212888e-05
3.397634110591241097e-05
-8.716196283842236880e-06
1.626701570955901843e-05
-1.068861698172440811e-05
1.761570995739702994e-06
2.216989127390434078e-05
3.390711562190062978e-05
-3.260768250967771564e-06
-2.138885765923248528e-05
-1.951023063817558523e-05
-1.956686306137100928e-05
2.932958536305818598e-05
2.880528544579874506e-07
1.003981875413728631e-05
2.640600764891587460e-05
3.370194383300884056e-05
-7.162596341814264633e-06
1.560771304376373791e-05
2.548138077429484838e-06
1.520388291709195983e-06
2.630987562746156527e-05
-3.559027118527069433e-05
1.248379681939582042e-05
2.857560160940408878e-05
-5.835733547954191636e-06
-2.628158519790702030e-05
7.539571360126728905e-06
2.087225488089927694e-05
2.159246323074626162e-06
3.728831073956939690e-05
5.105715006692435054e-05
3.124435737689168491e-06
1.922989206448733057e-05
-3.309779384963462689e-05
5.964531149871277194e-06
-3.907020916571468661e-06
-1.390861346095562112e-07
1.027557927102407120e-05
-2.182992090560276210e-05
-2.290516703951084310e-05
1.546717980360767797e-05
-8.994168270604063764e-06
-6.632840451104016211e-06
-2.989316824653087679e-05
