# Delta chi2_r = chi2(OU_r) - chi2(LCDM), TT, theta0.001_Delta0.05, sigma_X=3.412865e-04, H0 re-solved for theta_*; NaN = failure (see fallos_theta0.001_Delta0.05.json)
-1.960408752665898646e-05
-5.188394570154741814e-05
2.125868067182068444e-05
-1.064085460455999055e-05
-2.027522181791141520e-05
-1.437886678701261189e-05
2.810084673399160238e-06
-9.849143268070292834e-06
-1.469654032604239546e-05
1.416298376000213466e-05
-4.105896852379942175e-05
-1.185800340408604825e-05
1.966953786336489429e-05
6.750335970195919799e-06
-1.439104472567009907e-05
3.908734197111130015e-05
1.734057736868521715e-05
-2.323789993852187763e-05
-7.982636304859624943e-06
-5.619852635518896022e-05
-1.443541360757194525e-05
-1.822619476499198754e-05
-1.548521591487883597e-05
-1.789520283068668505e-06
-9.437252611377289213e-06
1.312956122134778525e-05
-1.823147805168900959e-06
7.909160608221554867e-06
1.803037287473330252e-05
-1.794914100017308556e-05
1.842473761115570596e-06
-1.979342805213946122e-07
7.955479567556267284e-06
7.559862389427962626e-07
-2.699083584190020701e-06
6.418661453011509366e-06
-1.533323995772661874e-06
-1.510679886962407181e-06
1.227779762658087748e-05
-3.352067139061887246e-05
6.416255807550896861e-06
-3.787481761818867199e-05
3.528370050887019715e-05
2.323877583521039014e-05
1.858040917568359873e-05
-1.186489358673270544e-05
1.919289713825378385e-05
3.032876259112526895e-05
-3.957313046143440260e-05
-3.364946161354964715e-05
-7.715688624898575654e-06
-2.588482338339304079e-05
1.374466985026856491e-05
-1.768172965554981602e-05
4.734185566235282749e-06
-2.430333296743469873e-05
5.615449495621760434e-06
1.126702967368942154e-05
-3.088726662525687061e-05
1.237818692700898282e-05
-3.129600780127361759e-05
1.193051993197968841e-06
3.827450090199135957e-06
-2.073310226791136301e-05
6.985240048607010976e-06
-4.545332381056255144e-05
-1.593625163565093317e-05
3.742399284689668093e-05
-6.507961277435470038e-06
4.290271792939392981e-06
-1.034878371442005118e-05
-2.731201266925609161e-06
-9.460797834037748544e-07
2.068661217791145646e-05
2.467382050141964100e-05
-1.976020966054647943e-05
-5.774272604952557231e-06
-2.715390561291997074e-05
1.910513736902430537e-05
-2.701036435226455978e-05
1.632870982604117671e-05
-2.508491318664596292e-05
-1.667125251714196565e-05
-1.267959478212787872e-05
-1.024805396809824742e-05
-2.299884053513778781e-05
-3.868490228597920577e-06
-1.970009103757774938e-05
1.463595634731973405e-05
-2.040690748827955758e-05
-1.351114518399754161e-05
-3.431012869015148681e-05
-6.461587233275167819e-06
-3.195172202907770043e-05
-9.604334337609543581e-06
7.262347057945817141e-06
-5.693659154815122747e-06
3.890833279740490980e-05
-1.698966881846786237e-05
-1.284536438106442802e-06
-6.595747709781107915e-06
-5.573224886035177406e-06
-2.666514819793519564e-05
-8.038959315115334903e-06
-8.220697054639458656e-06
-4.452491470630093318e-05
5.947962122831995657e-06
1.565209155174329680e-05
2.868589748317162957e-05
2.059764563355770406e-05
3.071114986852307993e-05
-1.965152380023482692e-05
-2.112312680324635039e-05
-2.695879933156675179e-05
-2.241554310700166752e-05
-1.832023058412346472e-05
4.665459012898054425e-06
3.320094018022246019e-05
2.597891218769632360e-05
-1.538100363873695642e-05
2.853289860382801635e-06
1.835529159421867007e-05
2.898534711448519374e-05
1.860737389591804458e-05
1.824047036436127200e-05
9.096161615929077016e-06
-8.013354602098843316e-08
-2.119539442091422643e-05
-1.204283305611397736e-05
-4.431189626075138221e-05
-5.604567816419603332e-05
-2.514916827323077086e-05
-3.126130384245584537e-05
-2.934165053147808067e-07
6.412108696451923606e-06
-6.978527958523272900e-05
1.196217807830635138e-05
2.324026142019874897e-05
2.146219834386897674e-05
1.645421151863502018e-05
2.515823119964011312e-05
-7.968046965345365606e-06
3.024616379221356510e-05
-8.533373588193171599e-06
2.690748411993126865e-05
-1.152646732194284596e-05
-1.144756511095579299e-05
2.453519891076894055e-05
-2.409903135713875599e-06
5.724798281647736076e-06
1.935626983140537050e-05
-3.217289165746706203e-06
3.618762484336457419e-06
1.688869481597521371e-06
3.193705630621934688e-06
-1.837620957800822907e-05
3.883793229420007265e-05
-8.678112383364577909e-06
2.785391477999610288e-05
-3.599685520327966515e-06
-4.062322908282567369e-06
2.773808619593864933e-05
3.381076087904943961e-05
-7.165031075118122317e-06
-1.077695751305896010e-05
-1.751449790887704694e-05
-2.403914907134208079e-05
3.891690796109514849e-05
1.658621035360852147e-05
1.349778123227451943e-05
3.622670152481077821e-05
4.302168431991049147e-05
-1.640981987449663393e-05
3.068624593538515910e-05
-1.247078387223155005e-06
-1.224676719147055337e-05
1.777151628346018697e-05
-3.894434215823139311e-05
4.121900065712225114e-06
1.896401199275032923e-05
-1.257442626823035425e-05
-1.948457820333260315e-05
9.509951375719083444e-06
2.284006682629069473e-05
-2.296003614787878178e-06
4.575760729963462836e-05
5.282962072072905357e-05
-1.777115647527693909e-05
1.925711923078665677e-05
-4.166741637945392540e-05
-5.322193352697013324e-06
-7.343794752756593880e-06
-8.877454931166539609e-07
7.704262987573429200e-06
-1.913209230153256613e-05
-2.492633208461825234e-05
2.138928513062410275e-05
-1.953922038921973581e-05
-1.476827920754431034e-05
-1.927396432321870634e-05
