# Delta chi2_r = chi2(OU_r) - chi2(LCDM), pp, theta1_Delta0.05, sigma_X=3.412865e-04, H0 re-solved for theta_*; NaN = failure (see fallos_theta1_Delta0.05.json)
-3.645897736195280459e-04
-1.111393763155277270e-03
2.030557288339451816e-04
-9.558021030997565504e-05
-6.026067942350721296e-04
-9.870084150342961493e-05
4.351423622068750774e-04
3.270220079389929424e-04
-3.691332076058984057e-04
2.356191839094634588e-04
-1.067327845106547102e-03
2.939005969793129225e-05
5.863467952771372893e-05
4.830999500349264508e-05
-1.541170935386304564e-04
6.491933860939269607e-04
3.025147422999197033e-04
-6.370669414046403745e-04
-4.130052613557921859e-04
-1.367012104237730341e-03
8.440348302052314011e-05
-3.213638264174534243e-04
-2.224612310399720627e-04
-4.701812535063965015e-04
1.866070751610493517e-04
4.185538583456605011e-04
-2.066536480374026041e-04
-6.409464756451654921e-05
5.116598970644758992e-05
-6.347245987274874324e-04
-6.045883630534376607e-05
1.733428681092163970e-04
2.807494917238528842e-04
-2.107569267586484330e-04
-1.625974971677379699e-04
-1.465440292545139300e-04
-1.398354903194842791e-04
-4.129148440590313385e-05
4.577846940065910530e-04
-6.528959960441227395e-04
2.059781896832646453e-04
-6.569921916135257334e-04
5.339365955343566839e-04
5.061344702212977609e-04
4.647208164598737312e-04
-4.592270174761381440e-04
5.719202573715165272e-04
5.779855653287313544e-04
-7.465669910384775676e-04
-9.113434329091063546e-04
-2.273886836281491242e-04
-3.788157858064522543e-04
3.255039386260705214e-04
-8.919488664282937407e-05
-7.922241445612598909e-05
-2.792072058994676809e-04
1.885725291810302906e-04
1.581689309038125657e-04
-9.458633293739637793e-04
1.110228375935662370e-04
-2.703651621462910271e-04
-1.051417420363520705e-04
-4.494185588175270141e-04
-7.534242941353852530e-04
-9.937639569734812994e-05
-6.506532314851654064e-04
-3.800074869388936349e-04
5.178704597081917882e-04
-1.061350074582634306e-04
-8.555186667358327668e-05
4.001896945080574142e-04
-7.658830528001203675e-06
1.737900023943694805e-04
3.953294782466088009e-04
6.850003567677731553e-04
-3.091478909578171397e-04
-2.915963113867547918e-04
-5.066491160548025618e-04
4.264885833933362846e-04
-6.493818112236482420e-04
8.883230390921426078e-05
-6.936830682366945666e-04
-3.261389367281708473e-05
1.081273393133130867e-05
-1.773838638126079559e-04
-2.767032669677149670e-04
4.165495368404492638e-04
6.743547377219272221e-05
4.620618034678614094e-04
-7.104132117827788306e-04
-6.462282868824331672e-06
-5.662541472819526689e-04
5.620912206403261280e-04
-8.992835428198731051e-04
-2.974066384719975531e-04
-4.870114778476875017e-05
5.503723059732124057e-04
2.736866185113484562e-04
-8.589742831439650672e-04
3.323018363818874832e-04
-3.253147620103646886e-04
-1.664891267392221152e-04
-1.738542540206111653e-04
-2.101772597740136916e-05
1.636116598078274365e-04
-1.188091761569864957e-03
1.528522728442283096e-04
2.348205821505189306e-04
5.542521934476241086e-04
3.258346287910995898e-04
6.658507725401108246e-04
-4.572181534570063377e-04
-9.828176400432653281e-04
-5.071143899648689057e-04
-4.968389120598715181e-04
-6.293832264887555539e-04
-2.988790592368673060e-04
8.069183655834422098e-04
8.327288724352399640e-04
-6.422595811450548808e-05
3.244882837627471872e-05
1.303847869351670852e-04
2.592063560129531652e-04
2.626366038445127060e-04
5.484019826464958669e-04
2.480293972144664849e-04
-3.790681730393430371e-04
-7.841151743015473130e-05
-1.341938936754161205e-04
-4.616382629034632146e-04
-1.156225713032199565e-03
-6.662782489197383029e-04
-7.213639959875450813e-04
1.056759991726607950e-04
4.259960323320655107e-04
-1.167142780259311508e-03
4.441288810372867601e-04
1.960374525040720073e-04
7.931461674512974014e-04
5.643322820692020514e-04
5.530629708765388841e-04
-2.787611017929236823e-05
3.310477075046946993e-04
4.677558033350237565e-05
2.337571197053023297e-04
-3.821580291845094735e-04
-2.868081747831041639e-04
5.458558837077021053e-04
-4.285412862792270516e-05
3.366181156021497145e-04
-9.944897379376982371e-05
-1.908700429851251101e-04
-1.576597767094511937e-04
3.566241527686031532e-04
1.810863648614713384e-04
-3.014891941397479513e-04
8.704129606762478488e-04
-4.107272862654554046e-04
5.779445999909427201e-04
-4.603262834947940974e-04
-3.104196609626796999e-05
4.597050553236670112e-04
1.797545691211155372e-04
1.318138646091426835e-04
-7.279293204831560615e-05
-6.648626064791329782e-04
-6.776880916543603917e-04
7.557458552387430473e-04
4.842409260028546214e-04
3.259276831730772983e-04
7.692270202159789960e-04
7.035277516074245341e-04
-2.318377460017728708e-04
3.379221603871940260e-04
-1.327105947481754811e-04
-1.907527226432392808e-04
1.018645715760158055e-04
-1.063093518514079960e-03
4.727940875568492629e-04
3.969168995290317525e-04
-1.198699399793667908e-04
-1.878821862728585756e-04
2.941625476715614695e-05
3.710522471003230294e-04
9.976311828374662127e-05
7.841684602194476383e-04
7.457988743837518086e-04
-2.845279315337734261e-04
-1.575531703785770787e-04
-1.498928277689159927e-03
-3.660686307540572670e-04
-3.137349032975578211e-04
-4.252389916103993528e-05
3.917591408253429108e-04
3.612649370765552703e-06
-5.992630263182974204e-04
3.138334051122626533e-04
-6.698139957741489070e-04
-1.957827960055169569e-04
-3.806326902378032173e-05
