# Delta chi2_r = chi2(OU_r) - chi2(LCDM), pp, theta1_Delta0.05, sigma_X=6.304906e-04, H0 re-solved for theta_*; NaN = failure (see fallos_theta1_Delta0.05.json)
-6.735963736641537025e-04
-2.050489294044055555e-03
3.768769215106715365e-04
-1.759344631100390188e-04
-1.113222628482901655e-03
-1.817659979845842599e-04
8.058276509945727639e-04
6.057350358261714973e-04
-6.819881197639432457e-04
4.353594699875174001e-04
-1.971920673410565428e-03
5.502956396519209648e-05
1.085721905855763225e-04
8.929356767772844705e-05
-2.843719428771152025e-04
1.199493428240216986e-03
5.597754140787003507e-04
-1.175822249283697829e-03
-7.626331705523625715e-04
-2.524052684897526433e-03
1.556432457103795741e-04
-5.928500104666056814e-04
-4.104376218219130124e-04
-8.682874902099513292e-04
3.445990187262992777e-04
7.736311298209841425e-04
-3.819284444137593937e-04
-1.185026129419952667e-04
9.451368566715245834e-05
-1.169650948014577807e-03
-1.110116614118084044e-04
3.211001345135855445e-04
5.187752329067762957e-04
-3.895538723099889467e-04
-3.004701115791874599e-04
-2.705224318901855440e-04
-2.588255202908840147e-04
-7.629462328040403918e-05
8.461978672933412327e-04
-1.205213845890895641e-03
3.805914101420171392e-04
-1.211049402371600081e-03
9.867744728335736681e-04
9.355723793369463692e-04
8.602847575716054962e-04
-8.480543813575991408e-04
1.057482121263220165e-03
1.067717486900932045e-03
-1.376781038914032251e-03
-1.682302714016259415e-03
-4.197652002844165509e-04
-6.993655037170753985e-04
6.018386912707285319e-04
-1.645723212693184223e-04
-1.460574320191199149e-04
-5.145662946244300429e-04
3.491858538762215858e-04
2.920991043584564295e-04
-1.746668278354235326e-03
2.053024572710171469e-04
-4.982598656333436793e-04
-1.944018836397276573e-04
-8.299930081712147967e-04
-1.391023275131075820e-03
-1.836068358667120037e-04
-1.201210398102503518e-03
-7.019235591378958361e-04
9.580297334839116274e-04
-1.963010963041966761e-04
-1.576793763291561845e-04
7.404101327548318068e-04
-1.271256753909710824e-05
3.210068796235532318e-04
7.307013730315503608e-04
1.266462202243801016e-03
-5.711752760220178970e-04
-5.371128263131907943e-04
-9.353244091485635181e-04
7.881209019728885323e-04
-1.198778095947261590e-03
1.655511998990277789e-04
-1.280548277334148111e-03
-5.995227844834971620e-05
1.947396464530015692e-05
-3.270012173821612578e-04
-5.102315725213912856e-04
7.694013485295414512e-04
1.254716877703287992e-04
8.538492675107534069e-04
-1.310433082828410534e-03
-1.217380657081434947e-05
-1.041473807717352429e-03
1.039340075040584566e-03
-1.660190363287128434e-03
-5.488015336752027906e-04
-8.952973003317765688e-05
1.017442090317288717e-03
5.081083683773357507e-04
-1.585675726325064261e-03
6.145265907377961412e-04
-6.010458877074853490e-04
-3.072351025057429297e-04
-3.206451372363972041e-04
-3.897185283641135811e-05
3.022471128577564059e-04
-2.193095709712267194e-03
2.826639012383225236e-04
4.339013691492255020e-04
1.025829563408464651e-03
6.022970803751803714e-04
1.230973650589106683e-03
-8.442384119415891064e-04
-1.814588119701809887e-03
-9.362808665631661142e-04
-9.169268368047767126e-04
-1.161756404322034086e-03
-5.504584257955968951e-04
1.491552862670886270e-03
1.539536580812850275e-03
-1.181511366308285460e-04
5.986864198526120617e-05
2.411355152478478203e-04
4.792987952910721106e-04
4.860366869507970478e-04
1.013796140938438839e-03
4.578138325630476402e-04
-6.992877671763153558e-04
-1.450318951654594457e-04
-2.471106873063178000e-04
-8.523320608055939829e-04
-2.134305952917969762e-03
-1.227523331547075713e-03
-1.329320583204562922e-03
1.976758203472428477e-04
7.872264192592126619e-04
-2.152098110428823929e-03
8.235457476359897555e-04
3.630870848070344437e-04
1.467152554754491689e-03
1.042795937490126335e-03
1.022164755712040574e-03
-5.135335717909583764e-05
6.127292028565989312e-04
8.627107617442675291e-05
4.356131928240358775e-04
-7.056644472154260939e-04
-5.279358805587719417e-04
1.009482387841487139e-03
-7.802238205201206256e-05
6.224475904517134950e-04
-1.835775840088871291e-04
-3.517411918139146110e-04
-2.894823273873470271e-04
6.596929468045686917e-04
3.357616976149557786e-04
-5.561199528152371840e-04
1.609106134555560175e-03
-7.578937808112584662e-04
1.067969649445998925e-03
-8.500388908849743075e-04
-5.736181723392519416e-05
8.494817671618193344e-04
3.324024409696590965e-04
2.441901375505040050e-04
-1.344492752046733131e-04
-1.227353710920198182e-03
-1.251172538834666170e-03
1.397857712378325346e-03
8.944383059148464099e-04
6.038572820994403401e-04
1.422037465548697810e-03
1.301243777533045431e-03
-4.276709487509577912e-04
6.241371087245539684e-04
-2.444656027602576387e-04
-3.506484901194539816e-04
1.881154255158890010e-04
-1.961693096165006978e-03
8.743792823651119761e-04
7.346008754627320059e-04
-2.216007994988444807e-04
-3.470992726644084314e-04
5.449685398062342756e-05
6.857784825520241156e-04
1.861705765833221449e-04
1.449377182659361551e-03
1.379787961187872725e-03
-5.251096922318509996e-04
-2.910838624252676254e-04
-2.765750189936966308e-03
-6.761550559701845486e-04
-5.797576933446180192e-04
-7.817171592883198628e-05
7.242813380372581378e-04
7.115117590217323595e-06
-1.106796804249299271e-03
5.806163973094413677e-04
-1.237502369477283537e-03
-3.617783056242274142e-04
-7.024514904152567851e-05
