# Delta chi2_r = chi2(OU_r) - chi2(LCDM), TT, theta0.001_Delta0.05, sigma_X=6.304906e-04, H0 re-solved for theta_*; NaN = failure (see fallos_theta0.001_Delta0.05.json)
-3.359738981956184034e-05
-9.493791451475885879e-05
4.022755155475010724e-05
-2.071089867428099751e-05
-3.530134875973089947e-05
-2.737241231898224214e-05
7.239034108152964109e-06
-1.794725900339244617e-05
-2.826299619229644122e-05
2.698694497382803092e-05
-7.572394657628933601e-05
-2.138449476518644587e-05
3.532577324349972514e-05
1.163847060681177936e-05
-2.618412933230729323e-05
7.203312330616995496e-05
3.016095730856704904e-05
-4.194818064107153077e-05
-1.356233066474032967e-05
-1.024366242781127312e-04
-2.784095189412028049e-05
-3.175572420488492753e-05
-2.744940294618913867e-05
-3.598166181006945408e-06
-1.657054264470048111e-05
2.563248819598129558e-05
-3.087713004390479909e-06
1.467312717196023186e-05
3.574770411773897649e-05
-3.234917138428272665e-05
4.585917558586061205e-06
7.514437747602187301e-07
1.485986453886312120e-05
2.971988152467019972e-06
-4.187648141140698499e-06
9.889530993234529888e-06
-3.752712157023552209e-06
-1.379781799926149688e-06
2.473322271612232726e-05
-6.157231362990955859e-05
1.173643952157021886e-05
-6.841292213977112624e-05
6.517214259460502035e-05
4.319044611733602324e-05
3.322745205025512405e-05
-2.156484568871519514e-05
3.779219751010032269e-05
5.465768219536926154e-05
-7.278506244645654988e-05
-6.125063233497485271e-05
-1.500354620631583202e-05
-4.730113741402419691e-05
2.540746838874952118e-05
-3.139971189725088152e-05
7.937593746731863575e-06
-4.386883264828611573e-05
9.941224163867445895e-06
2.230269752345748202e-05
-5.733393660278807147e-05
2.151037489639406886e-05
-5.670070214947031673e-05
3.562478998020424115e-06
8.764078501144467737e-06
-3.667357417569405698e-05
1.229735692831468441e-05
-8.369268541130736594e-05
-2.760613294228164705e-05
6.940954915535257896e-05
-1.092844912875534646e-05
7.468942992971960848e-06
-1.751116033688049356e-05
-3.522883957884914707e-06
-1.891810043730401958e-06
3.909711097094259458e-05
4.580241799700957017e-05
-3.462769895534734133e-05
-1.103785519163125173e-05
-4.787428244057423399e-05
3.685590723279119629e-05
-4.893756676693783447e-05
3.262973448059369730e-05
-4.508365175581730000e-05
-3.178197065878407557e-05
-2.231160658894282278e-05
-1.837604141385895673e-05
-4.072903118412796175e-05
-7.182948458250848489e-06
-3.524208538863149442e-05
2.811733446250741508e-05
-3.802698203259069487e-05
-2.366835168743364193e-05
-6.362207898646943249e-05
-1.182291746104624508e-05
-5.853177161796452310e-05
-1.525003281699355284e-05
1.284051881000891626e-05
-1.072817889280486270e-05
7.124170648964422980e-05
-3.250862865655790301e-05
-2.372581306531174050e-06
-1.193951580802377066e-05
-9.108214708675177462e-06
-4.846315644968512970e-05
-1.263397217954320695e-05
-1.309711322861062399e-05
-8.063711769423775877e-05
1.300991065633638755e-05
2.923693796219595242e-05
5.488568401545990127e-05
3.874239348888863788e-05
5.857313393065055607e-05
-3.577986961289525425e-05
-3.848303597919766617e-05
-4.992870123388115644e-05
-4.245446939066255254e-05
-3.417940051875234531e-05
7.444514636745225289e-06
6.239914465311358072e-05
4.700924398193251363e-05
-2.615512366332950478e-05
5.895113655896011551e-06
3.353858638277529280e-05
5.360502926521348854e-05
3.293832425299569877e-05
3.497210484226798144e-05
1.486270947381740370e-05
2.377610464066037821e-07
-3.893746804806141881e-05
-2.394729645516235905e-05
-8.297467213580489442e-05
-1.021348898326834842e-04
-4.669250988698081528e-05
-5.907511351210814610e-05
1.642991204420241047e-06
1.187439990957273039e-05
-1.281649950222174539e-04
2.189838279775813135e-05
4.271745773820612158e-05
4.180195770686623291e-05
3.021373063916144019e-05
4.815272698266426232e-05
-1.533711165180307034e-05
5.522302523885969094e-05
-1.559325126265775907e-05
4.823271873632961615e-05
-1.983915461778451572e-05
-2.057520880072161162e-05
4.740911078826570701e-05
-4.304778709496304145e-06
9.985637333898012002e-06
3.768024023287352975e-05
-4.443547865662367258e-06
5.363711718331387601e-06
5.939222415207723316e-06
5.444220132488908348e-06
-3.523492996038157798e-05
7.192024740731994825e-05
-1.527133641232580885e-05
5.093456885774116927e-05
-6.084400496320085949e-06
-5.517339811689225826e-06
5.025824139437418125e-05
6.257823718769373045e-05
-1.151262842213895965e-05
-2.018048949992135022e-05
-3.104239921825069359e-05
-4.481566708847140035e-05
7.317156309127881286e-05
3.086807187457907276e-05
2.449265907955577859e-05
6.567970679327572725e-05
8.198654062496757433e-05
-2.915298574635016848e-05
5.563187952262182989e-05
-8.063428929006022372e-07
-2.083604715252818096e-05
3.124846177726681162e-05
-6.967827442494467505e-05
8.410957999416268649e-06
3.600641359113865292e-05
-2.165859503477918224e-05
-3.702961637230828273e-05
1.818713541368310871e-05
4.108525331147916404e-05
-2.970422357861934870e-06
8.303202294612788137e-05
9.781690451760027827e-05
-3.272982587532169418e-05
3.589466129838569941e-05
-7.503306212086613414e-05
-1.000923224481198304e-05
-1.238071364184634149e-05
3.246762894093535579e-07
1.400363269965509971e-05
-3.678074628510330513e-05
-4.478739155189259691e-05
3.858830841352300922e-05
-3.559113477180630980e-05
-2.688852686105747125e-05
-3.437211986323518431e-05
