# Delta chi2_r = chi2(OU_r) - chi2(LCDM), pp, theta0.001_Delta0.05, sigma_X=6.304906e-04, H0 re-solved for theta_*; NaN = failure (see fallos_theta0.001_Delta0.05.json)
-2.750177995736180492e-05
-7.063298962250996738e-05
5.984759885180324090e-05
-1.568349365577148546e-05
-1.855579149179220622e-05
-3.573349207819376261e-05
-1.483228095544575353e-05
2.640600706982354495e-06
-1.594499889634448664e-05
3.993269472957194921e-05
-2.164219150024848659e-05
-3.349704593169633426e-05
5.226123908208535340e-05
-1.306592224636915489e-05
-3.131381618537432132e-05
5.409038914372388263e-05
2.441587553114743514e-05
-3.620452918262628828e-05
-2.155247580581942657e-05
-6.628317025558772002e-05
-1.746072433306267158e-05
-6.590437736342380504e-05
-2.743100604085668692e-05
-2.070275831833612301e-05
-1.320841760765745221e-05
2.875983752304023255e-05
4.546620804291023887e-07
1.838999713044131568e-05
6.463116099908461365e-05
-4.339333429292935307e-05
3.310117432420156547e-05
-2.159443840632491174e-05
8.932790484195152203e-06
3.290346974438307370e-06
-5.653856426590664341e-06
2.665709216209677379e-05
3.025513569454574281e-06
9.819555957690795367e-06
2.971632761195053263e-05
-5.468355521109913298e-05
3.985276261886383509e-06
-4.870919296173781277e-05
4.390401938003662963e-05
5.892947707764051302e-05
4.506463297104801313e-05
-8.044832526366008096e-06
2.931138138784206149e-05
4.589271908095327035e-05
-7.065826348373605015e-05
-4.758629319034923810e-05
-1.900788562991806430e-05
-5.661989268901379546e-05
3.321428081726196524e-05
-3.517913336459344009e-05
-2.634253975841716056e-06
-5.602271919080692442e-05
1.370524970667474918e-05
1.616726381925559508e-05
-4.857426635851425090e-05
1.492964174154565171e-05
-5.614749784221828577e-05
5.026160213361663409e-06
9.027256107074776992e-06
-9.859242446452753939e-06
3.041730604280701300e-06
-7.470538049503261391e-05
-2.233027710119017684e-05
3.580993916507679842e-05
-7.515435951788163038e-06
1.272572316679543292e-05
-1.673145668945608122e-05
7.725116834222944817e-06
-3.128369590044144388e-06
3.825040079696861994e-05
5.721580067508114098e-05
-2.625700304292877263e-05
-2.616507805441870005e-05
-4.765571082465669406e-05
1.208789395334974870e-05
-3.579355507454806684e-05
2.256585768733998520e-05
-3.623105985539609719e-05
-4.751133811176089239e-05
-9.914152908407913856e-06
1.129020358980881156e-05
-4.916131950594149203e-05
-2.908250649369392704e-05
-3.215057627592443623e-05
2.598819472865443458e-05
-3.075647730987896011e-05
-3.149147405956398416e-05
-7.171723858157008635e-05
-1.893854161849617412e-05
-5.466009823607009821e-05
-1.817067740184086233e-05
3.003126086653651328e-05
-1.255222438167891141e-05
7.911522490999800539e-05
-3.316740922265637437e-05
-1.054847191106489390e-05
9.963186062833528922e-06
1.521461109454946836e-05
-5.992781381891632009e-05
-1.227000921133480915e-05
-9.094939112941347048e-06
-6.358020842789358085e-05
6.085181780690618325e-06
2.269791567677259536e-05
3.571850503192308679e-05
4.535173770214839806e-05
4.359111464502518629e-05
-4.556543062506079877e-05
-3.377484540756370279e-05
-3.107083941422672524e-05
-4.031401481796592634e-05
-2.937231388422389955e-05
-9.560554321552672263e-07
5.511197548457857920e-05
1.393266751925636981e-05
-9.667389468503984062e-06
1.490744519294651127e-05
3.891450438864296757e-05
4.162346020564200444e-05
5.392714425944689083e-05
4.903410897583171391e-05
-8.771959425502018348e-06
1.178843250571048884e-05
-4.088594149465052396e-05
-4.349808791381803985e-05
-6.539260440163729982e-05
-9.770169105749459959e-05
-2.622626342940748145e-05
-2.456966532804472081e-05
2.658101447039484810e-05
-1.839092728772584451e-06
-8.685614649373007978e-05
6.507541353784063176e-06
2.559532286916521571e-05
5.435475637582953823e-05
2.073799387858343835e-05
2.588860422925165494e-05
-7.653831898934981837e-06
4.881035289550084144e-05
-2.299064739474943053e-05
2.962127540406811477e-05
-3.887272154479148867e-05
-2.146505417854882580e-06
1.201124864280700422e-05
-1.278207897037475504e-05
-6.211798101674048667e-06
4.350908998596025867e-05
-6.712719999413252481e-06
2.766805347143019844e-05
1.800507568816556159e-06
3.223923652484472768e-07
-3.702348337597527461e-05
6.255775304886412869e-05
-1.612462978783923973e-05
2.971357775471972218e-05
-1.944637191719778002e-05
3.311833442154465956e-06
4.063981135793426347e-05
6.271453750983368991e-05
-6.003339272808716487e-06
-3.966396508303660084e-05
-3.557478628835042400e-05
-3.630313597291490169e-05
5.415826242760601872e-05
4.152884240937737559e-07
1.876082352403329878e-05
4.832935722198783424e-05
6.256105575275228148e-05
-1.306586263893905198e-05
2.851240683021671884e-05
4.750843396905679583e-06
3.010381201207223967e-06
4.849465322287471736e-05
-6.595520900276596876e-05
2.304349023951601794e-05
5.226744307762487551e-05
-1.005205523441077275e-05
-4.865587437130614035e-05
1.409643664551651909e-05
3.879519010574483673e-05
4.687129280256385755e-06
6.876273326383852691e-05
9.432358220529124537e-05
5.486079079020100835e-06
3.529096747101334586e-05
-6.113646466765487730e-05
1.101702279981964239e-05
-6.887056187565576693e-06
-3.417295371122008873e-07
1.935888959003762011e-05
-4.029908832059447832e-05
-4.256041288641654319e-05
2.845627876624234887e-05
-1.671134781133787328e-05
-1.233959832980247029e-05
-5.526398005351040865e-05
