# Delta chi2_r = chi2(OU_r) - chi2(LCDM), TT, theta1_Delta0.05, sigma_X=6.304906e-04, H0 re-solved for theta_*; NaN = failure (see fallos_theta1_Delta0.05.json)
-7.738389455838046160e-04
-2.443673971907145415e-03
-2.495344569695134851e-04
-2.418216739243916891e-04
-1.378608663692659775e-03
4.889712759137410103e-06
1.158169840000056183e-03
-1.958311085488162462e-04
-9.237858720574365634e-04
2.130406267397688680e-05
-3.278530491577669181e-03
2.127193986254383162e-04
-2.666391056997952091e-04
8.756439168493557190e-04
-6.994552660088970697e-05
1.664346897271684611e-03
6.584611050755029282e-04
-1.022960804139216862e-03
-2.351782471308183631e-04
-3.228615403312318222e-03
-2.953085556818280111e-04
5.295396253508499740e-04
-2.987413702051355813e-04
-4.678262512314290689e-05
2.686498092785427616e-05
6.141571257920475091e-04
-3.717276603154573422e-04
-6.144266160390543519e-05
-7.683399926534661972e-04
-7.380334660780363265e-04
-8.746890829769427000e-04
9.918413088421118573e-04
5.484438148855019790e-04
-2.496046335593860022e-04
-1.783195355180566821e-04
-6.850787302994376660e-04
-3.875026011854743047e-04
-4.250413999038471502e-04
5.620383854214594521e-04
-1.243045197362846466e-03
5.168391777097269824e-04
-1.583276432647551246e-03
1.570167189626658910e-03
4.086045085678335909e-04
5.299752991270167968e-04
-1.090927918163231425e-03
1.143636630523303666e-03
1.299554764997878920e-03
-1.185969248187035419e-03
-1.727430187774103842e-03
-1.860230894443759553e-04
-3.082798853988322207e-04
2.871867409659500936e-04
-1.376287840102463633e-04
2.793931544466943251e-04
-6.022206246925065898e-05
2.605178022925258574e-04
4.450398332309646321e-04
-1.742881239113813763e-03
4.241407007690156661e-04
-5.236859987789443949e-04
-1.088030861247091252e-04
-5.207003220206729566e-04
-1.910221392229516368e-03
2.124056539720697856e-04
-1.408470585428034383e-03
-7.309211794996883782e-04
1.866120225994194470e-03
-2.248863876062046074e-04
-2.869663129878574637e-04
3.564643703413139519e-04
-2.233615967810465008e-04
3.201158450245600307e-04
7.567525831611021658e-04
6.666780686259698996e-04
-7.929547631668754093e-04
-2.061990673496438831e-05
-8.606957262351500049e-04
1.371989134828055512e-03
-1.402733925477406274e-03
4.208873711597505007e-04
-1.341547928987552041e-03
3.369722684993803341e-04
-4.492552719810305462e-04
-1.120776732296491218e-03
-1.772410547005165427e-04
1.198684079643186351e-03
-5.317026084483700288e-05
7.740108195619654907e-04
-1.172214535390736501e-03
1.080338008421222185e-04
-4.917015718284289960e-04
8.690324897031587170e-04
-1.478685469624707594e-03
-3.970485934168266340e-04
-4.578922058229295544e-04
7.814104139001187832e-04
2.407901691796610066e-04
-1.136828373081044674e-03
6.594920588085528834e-04
-1.141323103620806023e-03
-8.851859252381188981e-04
-1.109012863054203990e-05
-5.927609577227599402e-05
1.200999465211793904e-05
-2.333795115344372562e-03
5.418036644506685207e-04
6.585363003637212387e-04
1.392191359013139618e-03
3.836980780782539568e-04
1.619996792044275935e-03
-4.409637844311475874e-04
-1.553027826588504468e-03
-1.304633760778273199e-03
-9.428288243817917191e-04
-1.018571565285952829e-03
-1.487583738537523459e-04
1.586592037938316935e-03
2.187413499559198726e-03
-6.321195778262733711e-04
-1.569317623655308580e-04
1.784262122690449814e-04
8.523141804310796488e-04
-7.821127480767131601e-05
5.159055160959269415e-04
1.154879072856829225e-03
-9.157972395854585557e-04
-2.037095546114642275e-04
3.549375768692186739e-04
-1.471874985494281418e-03
-2.015541922254726614e-03
-1.455654242313642044e-03
-2.014937194257271358e-03
-4.539012792896812698e-04
9.911715754533645395e-04
-3.074192374214135270e-03
1.010316708317304801e-03
8.575699656425683770e-04
8.214487270379322581e-04
1.139485749234836476e-03
1.578969716387490507e-03
-3.538842909094341849e-04
8.004723447676553860e-04
2.399997497448680406e-04
9.156420119431629701e-04
4.065059754054800578e-05
-8.677924463782460407e-04
1.889114710756700788e-03
3.079375724013289073e-04
8.589703175481133712e-04
-1.373724255238073511e-04
-5.661140097856787179e-05
-6.655460628266496315e-04
5.215455898017751224e-04
3.346962307730905195e-04
-3.754822611625741047e-04
1.750480604084003744e-03
-4.511523812631423880e-04
1.658689141901703579e-03
-1.413719659240086912e-04
-2.554386463700097920e-04
1.092811738441668012e-03
4.847984742291089333e-04
-4.658820922287532085e-05
4.340204626807064869e-04
-8.053568107726505332e-04
-1.249432814159234795e-03
1.727311149071653062e-03
1.623119967486985615e-03
5.801702083765292173e-04
1.813537474475879208e-03
1.756557795268065547e-03
-8.591169603562320845e-04
1.511722912141522102e-03
-3.497734402095886708e-04
-9.081291716093176092e-04
-2.358496067955684339e-04
-1.765164000094188168e-03
2.261931602909328376e-04
2.687756932751028671e-04
-5.452178414699915265e-04
-6.747415879004847739e-05
2.909117321330256800e-04
7.333692535382851929e-04
-2.045663528029706413e-04
1.828564044082270357e-03
1.401122946710131600e-03
-1.601873933829267571e-03
-3.138339117114696819e-05
-2.668471551682927156e-03
-1.111690509908669355e-03
-5.759973354066971751e-04
-3.708810740477019863e-05
4.716443090586608378e-04
3.408120643300094343e-05
-1.100910656006703903e-03
1.033085613578066386e-03
-1.540910182058041755e-03
-8.439663251174067682e-04
3.871241351340870551e-04
