# Delta chi2_r = chi2(OU_r) - chi2(LCDM), pp, theta0.001_Delta0.05, sigma_X=1.164764e-03, H0 re-solved for theta_*; NaN = failure (see fallos_theta0.001_Delta0.05.json)
-5.121126866036718184e-05
-1.303202685090099067e-04
1.104869426846732949e-04
-2.878600678890563813e-05
-3.425623781261322165e-05
-6.524061961421523392e-05
-2.775165938295742762e-05
5.187892663016668848e-06
-2.985925445209147711e-05
7.310026390250357053e-05
-3.972800147522548286e-05
-6.159046133369372455e-05
9.631040506974386517e-05
-2.397159912881363653e-05
-5.796268694346906614e-05
9.940104699168728075e-05
4.489856941880532304e-05
-6.689240455948208819e-05
-3.963523521477441136e-05
-1.226275589054637294e-04
-3.235843884930034164e-05
-1.219067914561833277e-04
-5.033501505202764292e-05
-3.810906565782090638e-05
-2.439800626241606096e-05
5.295345201439261018e-05
7.336224303600147323e-07
3.400307023859738820e-05
1.193555594003470333e-04
-8.007610698079759004e-05
6.172448324726076407e-05
-3.971664973256849862e-05
1.656727607901586907e-05
5.966663719547682376e-06
-1.077920507697172070e-05
4.904299208874363103e-05
5.296246936126181026e-06
1.787022637422808202e-05
5.479415283993205321e-05
-1.008614093844784065e-04
7.097244836273830515e-06
-8.978732763864627486e-05
8.146590828950195373e-05
1.090157297394256375e-04
8.295541103464643129e-05
-1.478358625739417676e-05
5.436891143872912835e-05
8.472714829821370586e-05
-1.303226465747542306e-04
-8.808065277854382202e-05
-3.480834084079731383e-05
-1.050294877611435140e-04
6.082192502709915516e-05
-6.490930640978831434e-05
-4.923803192724562905e-06
-1.038064865568344430e-04
2.504239502343352797e-05
3.016146582801582099e-05
-8.956474062316033269e-05
2.741805135109132152e-05
-1.035496358952059381e-04
9.275510269191045154e-06
1.657449437786340241e-05
-1.788974471494952923e-05
5.441654181481681007e-06
-1.382727585230725253e-04
-4.130132428059596350e-05
6.618602036922993648e-05
-1.389455883327173069e-05
2.350205238244029715e-05
-3.089709729486855849e-05
1.451926660855917817e-05
-5.836662058555930344e-06
7.036030837248574699e-05
1.056086644215525894e-04
-4.847654937023548882e-05
-4.797418788982099613e-05
-8.776008797006795703e-05
2.210359754251101094e-05
-6.619142176589321025e-05
4.174944596968543920e-05
-6.681904083727374655e-05
-8.804448396482200678e-05
-1.812656064892337326e-05
2.068826957390967891e-05
-9.115101783940815494e-05
-5.355385682648261536e-05
-5.901577419464842933e-05
4.812092411832225025e-05
-5.676567844226099169e-05
-5.817507567584812023e-05
-1.323858481221407146e-04
-3.454144731129815682e-05
-1.008857752378133910e-04
-3.399508031520781515e-05
5.564264065327506614e-05
-2.319155972685393863e-05
1.459478340777309313e-04
-6.123004361846540178e-05
-1.948580099586649794e-05
1.891757796990134466e-05
2.844654255618195293e-05
-1.106644315509441867e-04
-2.237384081560378490e-05
-1.668138713739608647e-05
-1.177023567393575831e-04
1.094568984782995358e-05
4.194975139526491148e-05
6.618163444471747425e-05
8.367846799117728551e-05
8.070565083606595636e-05
-8.416385307263851701e-05
-6.246052183556116688e-05
-5.721159831395539186e-05
-7.431350399222935721e-05
-5.392343804899724091e-05
-1.937786080929981836e-06
1.017450721914059386e-04
2.587485619898188816e-05
-1.795544060279041787e-05
2.770301340149217140e-05
7.170760679109378088e-05
7.720809093392233535e-05
9.978121593334776662e-05
9.098012699126911684e-05
-1.636346575750735610e-05
2.179130397372830430e-05
-7.557776583411168758e-05
-8.033966145681858961e-05
-1.210802855187154137e-04
-1.804560264115906421e-04
-4.840821600993194807e-05
-4.519036848904534054e-05
4.948974980223397324e-05
-3.773307499344014104e-06
-1.600195247473124027e-04
1.162700624490753398e-05
4.686773005602162812e-05
1.010546265440837033e-04
3.880088245189483587e-05
4.782986203188954732e-05
-1.395187021557831031e-05
9.000128398461981760e-05
-4.230940204230648760e-05
5.457807973030526227e-05
-7.158674507401485698e-05
-4.226439532573067481e-06
2.186780941038080073e-05
-2.362593163596216073e-05
-1.145725724960300340e-05
8.033810075680491991e-05
-1.210906976645276245e-05
5.139354443883803469e-05
3.651005936688989095e-06
2.730994985711276968e-07
-6.851856261391731096e-05
1.161312101700673338e-04
-3.013975755372655385e-05
5.492580851829131916e-05
-3.600310561857611447e-05
5.932030290978218545e-06
7.513002378267685799e-05
1.160786349121423200e-04
-1.096365071084903775e-05
-7.303893071686218263e-05
-6.615550045196982865e-05
-6.703335610325211746e-05
1.001733538359417253e-04
5.593668443992783068e-07
3.434929507761808054e-05
8.934914675684524354e-05
1.152877713543887239e-04
-2.379082559578193923e-05
5.316742896432913312e-05
8.780736003188849281e-06
5.444461898207464401e-06
8.926684485821567705e-05
-1.216704062940721087e-04
4.230549810557704404e-05
9.703068058719566125e-05
-1.884569461374496768e-05
-8.960062040230809544e-05
2.614367926589977742e-05
7.145046365941709610e-05
8.441752981980243931e-06
1.270303529512517571e-04
1.744050847722888875e-04
9.813788878432205820e-06
6.540460660531266512e-05
-1.131488618817400038e-04
2.012974552023649721e-05
-1.248254657504332954e-05
-8.410031515637683697e-07
3.562127872314135857e-05
-7.451217310183722020e-05
-7.874341011770980003e-05
5.225641777961698153e-05
-3.122341424699470736e-05
-2.285064372209433259e-05
-1.019900658292272055e-04
