# Delta chi2_r = chi2(OU_r) - chi2(LCDM), pp, theta1_Delta0.05, sigma_X=1.164764e-03, H0 re-solved for theta_*; NaN = failure (see fallos_theta1_Delta0.05.json)
-1.243021999231430641e-03
-3.779153285874414792e-03
7.007767089479699507e-04
-3.235326777648594998e-04
-2.056354979126595595e-03
-3.356180911584516480e-04
1.493457961002420120e-03
1.122711798089426338e-03
-1.258985118852251617e-03
8.048776227802534322e-04
-3.642168486209129696e-03
1.036996908414522522e-04
2.008581904942019492e-04
1.643175194558921248e-04
-5.254722191576632895e-04
2.218042524280150474e-03
1.037587777849680037e-03
-2.168003121608919059e-03
-1.406668358269413943e-03
-4.657784873199233289e-03
2.882747942436481026e-04
-1.092658452504835509e-03
-7.569302142993450389e-04
-1.601263177610334765e-03
6.374736416816517703e-04
1.430791129232389380e-03
-7.055831669831036379e-04
-2.182572059652443386e-04
1.763861372747754785e-04
-2.150892864085207634e-03
-2.041130727636897291e-04
5.954376255949966890e-04
9.599381196636613822e-04
-7.187838092690412850e-04
-5.549331085621389548e-04
-4.988774689191899370e-04
-4.776095175742511856e-04
-1.407167764728711745e-04
1.565339745907223801e-03
-2.225188866940897015e-03
7.036106540194708714e-04
-2.228679017257206851e-03
1.824048061589422787e-03
1.731880293485588140e-03
1.594927258642186985e-03
-1.566617964206429292e-03
1.954510974442769111e-03
1.973211366797400501e-03
-2.535670782945587121e-03
-3.101503228830182479e-03
-7.749913419328180453e-04
-1.289218123726953991e-03
1.113381345517083787e-03
-3.040694818849942749e-04
-2.700614515287469430e-04
-9.479186338801071088e-04
6.470826086477643457e-04
5.416966322577820847e-04
-3.223645305137523565e-03
3.802478247703078296e-04
-9.169046502197630844e-04
-3.594118040197713526e-04
-1.531553276665320595e-03
-2.567635242145982488e-03
-3.376704722857226670e-04
-2.217705042326656439e-03
-1.295612632366882622e-03
1.774410709840523737e-03
-3.610538778175964580e-04
-2.907042179778329682e-04
1.368681920688175069e-03
-1.932842367935450056e-05
5.928534049814970786e-04
1.351079979801994568e-03
2.344300772053387050e-03
-1.055132565999983285e-03
-9.884305276326443845e-04
-1.726990425302332710e-03
1.458621503388712881e-03
-2.213416488107355917e-03
3.105734949997440708e-04
-2.362839458999843600e-03
-1.105231658478089685e-04
3.604325638839611656e-05
-6.026496858826391190e-04
-9.405312152939160342e-04
1.421192756060563056e-03
2.352514369921010484e-04
1.578832541898833597e-03
-2.414658094346933126e-03
-2.220696928567633677e-05
-1.909679493090621349e-03
1.921745360236926103e-03
-3.063358339773003536e-03
-1.013162637395481624e-03
-1.643733934937330332e-04
1.881666461379438715e-03
9.477808072553273178e-04
-2.925022690911660561e-03
1.135613797021761684e-03
-1.110539933375065402e-03
-5.668092657380441324e-04
-5.913276271218848024e-04
-7.188104658872873642e-05
5.591306521228744941e-04
-4.046844173641872544e-03
5.239454638736873449e-04
8.015996507406697447e-04
1.901814599053253119e-03
1.113901171839515314e-03
2.275698861920361082e-03
-1.557675013332371350e-03
-3.348178977022442382e-03
-1.727421946016605148e-03
-1.690577080720956360e-03
-2.142352057159513379e-03
-1.012868045238590753e-03
2.758954935710988821e-03
2.847252191219951101e-03
-2.168286098829241837e-04
1.116778119047978635e-04
4.455708886883513742e-04
8.869042274248783997e-04
8.998238890445264815e-04
1.875677129129726950e-03
8.458087378926393285e-04
-1.288314523971934022e-03
-2.677825118055920939e-04
-4.563834136206423864e-04
-1.574810823885997024e-03
-3.936792670648614489e-03
-2.255908429839692531e-03
-2.445617010135237024e-03
3.735821571435593569e-04
1.454027884594921716e-03
-3.962625206249015264e-03
1.531523585768468365e-03
6.742871690796903295e-04
2.714711079825349316e-03
1.927188798626744415e-03
1.888166467416851901e-03
-9.496014655674400728e-05
1.134339477053103451e-03
1.594502717541246284e-04
8.184508914972354887e-04
-1.302030819314126120e-03
-9.701075254380242541e-04
1.869068982072619178e-03
-1.418691114274395204e-04
1.151866054252437266e-03
-3.394051817728893639e-04
-6.481188162830164856e-04
-5.297021036980709141e-04
1.220629376543769240e-03
6.235829392675640293e-04
-1.026033363556777545e-03
2.975686134274013739e-03
-1.396841267945703180e-03
1.973024746854790124e-03
-1.568053078695896829e-03
-1.036488419465797506e-04
1.570522401289409231e-03
6.148352457309158581e-04
4.528009369675345397e-04
-2.473877110631406140e-04
-2.264884241419906630e-03
-2.308503943595496821e-03
2.589442501482963621e-03
1.652057798452233328e-03
1.122110747553861643e-03
2.629028089433660398e-03
2.409098563159517425e-03
-7.876040119398908246e-04
1.153080001527584386e-03
-4.519643849416610237e-04
-6.414926375715168660e-04
3.478616450163229956e-04
-3.617942928435979866e-03
1.617610753127607381e-03
1.360157915907933557e-03
-4.094095306186318339e-04
-6.396648254369807773e-04
1.005608461408513676e-04
1.267558801496093679e-03
3.484099990522793178e-04
2.679389185981762012e-03
2.554279994404495824e-03
-9.690432611559884890e-04
-5.376546351278932434e-04
-5.099173988268645985e-03
-1.248599561876062580e-03
-1.070036651782402259e-03
-1.444403344894595875e-04
1.340697712043592560e-03
1.370334170935905149e-05
-2.044036615457045514e-03
1.075427118637506396e-03
-2.285352763975012635e-03
-6.684608115286039265e-04
-1.275446636608279505e-04
