# Delta chi2_r = chi2(OU_r) - chi2(LCDM), TT, theta0.001_Delta0.05, sigma_X=1.164764e-03, H0 re-solved for theta_*; NaN = failure (see fallos_theta0.001_Delta0.05.json)
-6.193453829794748344e-05
-1.743304108465792979e-04
7.546632926036522804e-05
-3.678350009295172640e-05
-6.435679311422859428e-05
-4.913307789067289377e-05
1.298217042844385105e-05
-3.125032371897873418e-05
-5.139339625515049192e-05
4.907325572744980491e-05
-1.387053491548329021e-04
-3.964352297458617613e-05
6.612817106343982232e-05
2.297919131066805676e-05
-4.652549519690296620e-05
1.331326261677645562e-04
5.868501042982643412e-05
-7.708124866212529014e-05
-2.462665377223061114e-05
-1.870356059825439843e-04
-4.995711723765339229e-05
-5.901718972012304221e-05
-4.898808745323890435e-05
-5.284381792591830163e-06
-3.144624915663030151e-05
4.908382171819880568e-05
-5.107526387604366391e-06
2.646047358112468828e-05
6.625903445467429265e-05
-5.995991444862625031e-05
8.899256179972780956e-06
1.211603713358044843e-06
2.805897072022389693e-05
4.590815965599404080e-06
-7.219105661704361410e-06
1.992741631084982146e-05
-5.477005171172777409e-06
-8.480485398365544825e-07
4.405108315808092811e-05
-1.112637104228042517e-04
2.237630407719848336e-05
-1.267231118475820040e-04
1.191416764996233724e-04
7.846963254820593647e-05
6.291964281501805090e-05
-3.864062171032855986e-05
7.007708853379313041e-05
1.025643766645600863e-04
-1.339197756884402679e-04
-1.133852509660471242e-04
-2.758579292105878267e-05
-8.751681456331539266e-05
4.760056505048737563e-05
-5.698227320038995458e-05
1.484920752048424220e-05
-8.123873713827833853e-05
1.779369950583031823e-05
4.222600904313367209e-05
-1.053215271902274708e-04
4.131252532602047722e-05
-1.049792311320629778e-04
7.633206713819618017e-06
1.456774436547902951e-05
-6.676168667851811733e-05
2.347824775483786652e-05
-1.554259158602633306e-04
-5.073151733370195871e-05
1.275740547619363952e-04
-1.905960878545442938e-05
1.450697820359891921e-05
-3.202490861298201708e-05
-4.829544852924527731e-06
-2.171320780064434075e-06
7.276128932431902285e-05
8.459830200280293866e-05
-6.499308894092337141e-05
-1.841532573720883192e-05
-8.761810100921252342e-05
6.849410979370418318e-05
-8.802200690993799981e-05
5.853171082748076515e-05
-8.421720996310000373e-05
-5.860359735265774361e-05
-4.015896140785457646e-05
-3.340489564962467739e-05
-7.427862768949466954e-05
-1.129532981281045068e-05
-6.533472703296183681e-05
5.309599907477036140e-05
-6.955723152657355968e-05
-4.400095409096138610e-05
-1.155699153336797735e-04
-1.990400489404464679e-05
-1.089156368720978207e-04
-2.996167119562187509e-05
2.319280228846309910e-05
-1.916590127848394332e-05
1.304462541824591426e-04
-5.794180764695511243e-05
-2.442730608009924254e-06
-2.211337345414676747e-05
-1.444338253264731975e-05
-8.971202487018103966e-05
-2.311986996872406053e-05
-2.391608409268997093e-05
-1.487134379587473632e-04
2.368362818216951382e-05
5.330344943743625663e-05
1.017380670873535564e-04
7.082251354617596917e-05
1.079233597245377041e-04
-6.623134688155118965e-05
-6.925746788510878105e-05
-9.226586486121846065e-05
-7.700353301132167871e-05
-6.244391565601858929e-05
1.593605027139233243e-05
1.164396991235605583e-04
8.640554687033841219e-05
-4.941469900643369328e-05
1.078737554394137987e-05
6.465292110036102713e-05
9.838986344590239241e-05
6.114039761584422195e-05
6.700035475049048728e-05
2.977897074529778365e-05
3.485168029726537497e-07
-7.070111594842387603e-05
-4.265779139700498490e-05
-1.512164981747332604e-04
-1.877510424037609482e-04
-8.626765238162192873e-05
-1.083234994574411303e-04
3.299289286218254347e-06
2.258269313770711051e-05
-2.344827879916522306e-04
4.181101188294178428e-05
7.765117051761194489e-05
7.753155009382339813e-05
5.521565531552141692e-05
8.805466577044285259e-05
-2.560379857641237322e-05
1.047748044271656909e-04
-2.621668769720031378e-05
9.068283749513739167e-05
-3.628259533172695228e-05
-3.681151044077068946e-05
8.788289805394811083e-05
-7.302597015979017669e-06
1.793412777573166750e-05
6.994160928286419221e-05
-7.194185652537044007e-06
1.145692462500846887e-05
1.043577302084486291e-05
1.076285451873104648e-05
-6.361019482881147269e-05
1.348428143153057590e-04
-2.835931116962342458e-05
9.489189025657651655e-05
-8.755561147211210482e-06
-1.120962696532501468e-05
9.240257499243398343e-05
1.162898108688636967e-04
-1.900914708130585495e-05
-3.721131328049409603e-05
-5.564400203184050042e-05
-8.147345423026308708e-05
1.336641450322417768e-04
5.505653517445807665e-05
4.467223519455387759e-05
1.229013605517081942e-04
1.510555913526445693e-04
-5.408054962074970717e-05
1.056346511880690286e-04
-2.422480815056360370e-06
-3.881500969526996414e-05
6.003222097561433657e-05
-1.298685208475092168e-04
1.407787374319013907e-05
6.832840890069746820e-05
-3.967721993447526074e-05
-6.894766896081705454e-05
3.347798469377494257e-05
7.549087200331427994e-05
-3.776901785101927089e-06
1.556878825539342870e-04
1.833492219596166706e-04
-5.920662305314294827e-05
6.559778116965730987e-05
-1.397107808287501030e-04
-1.912236331946814971e-05
-2.048016786559969660e-05
9.007175307829129451e-07
2.659012675110261625e-05
-6.641315799882363535e-05
-8.366684690841452721e-05
7.411206703267225748e-05
-6.655125649146498290e-05
-4.976845456639011900e-05
-6.314668418738733635e-05
