# Delta chi2_r = chi2(OU_r) - chi2(LCDM), TT, theta1_Delta0.05, sigma_X=1.164764e-03, H0 re-solved for theta_*; NaN = failure (see fallos_theta1_Delta0.05.json)
-1.429066127922595797e-03
-4.511702977204379295e-03
-4.606672431890501684e-04
-4.441478356227435143e-04
-2.545795594663502470e-03
9.101283541923521625e-06
2.140427363574559649e-03
-3.618243741989601858e-04
-1.705907463794176238e-03
4.036674615193192039e-05
-6.059180893966953363e-03
3.959545808278619461e-04
-4.906275800848902691e-04
1.616286712049941343e-03
-1.268175092796752779e-04
3.076379275622542764e-03
1.216827133447395681e-03
-1.891353303900444871e-03
-4.348370200766282778e-04
-5.966773610332154476e-03
-5.448598325621389904e-04
9.793812082357078452e-04
-5.502014394380694284e-04
-8.650254887143660198e-05
4.976579243987089285e-05
1.136387029440300012e-03
-6.851543024666284509e-04
-1.111763934389387032e-04
-1.419853140589566465e-03
-1.361338898938413422e-03
-1.613883882246369694e-03
1.831590525036119743e-03
1.016074903663621853e-03
-4.594544354503682371e-04
-3.272332795063448430e-04
-1.265055153297112156e-03
-7.156134602688268842e-04
-7.859265988479080534e-04
1.040171664115518979e-03
-2.295847578167808933e-03
9.546000493010353694e-04
-2.921555081872639903e-03
2.899915270166530945e-03
7.556276936320216464e-04
9.804800468380392431e-04
-2.014507788139496824e-03
2.113536609829935742e-03
2.402290959505393175e-03
-2.189692341474369641e-03
-3.191603134681031406e-03
-3.425717663887439812e-04
-5.688204866878265875e-04
5.312689070606779751e-04
-2.521170726730304068e-04
5.170482389083019825e-04
-1.121752126245212366e-04
4.805931605780244809e-04
8.245513193685383158e-04
-3.221706567696713819e-03
7.832244172760738365e-04
-9.659269100232847904e-04
-2.016824105943726408e-04
-9.611909367315263353e-04
-3.528446189910994235e-03
3.907300580756611907e-04
-2.601673182354602432e-03
-1.350244937469824436e-03
3.449327186800132949e-03
-4.130137754287943608e-04
-5.315226064297462472e-04
6.598439373561859611e-04
-4.100592662616975304e-04
5.922944561156384680e-04
1.397298430543258974e-03
1.230689524401640256e-03
-1.463890015980240378e-03
-3.682020460971102693e-05
-1.588758354216679436e-03
2.536745591093847452e-03
-2.589807279381517446e-03
7.782251204595524996e-04
-2.479375021486873720e-03
6.237769129597836582e-04
-8.273962022791181425e-04
-2.071805318884401004e-03
-3.267604088605935431e-04
2.216541290831486322e-03
-9.760878861442279231e-05
1.432654567217639396e-03
-2.162092663258619041e-03
1.997668839024413501e-04
-9.052653992682735407e-04
1.606752103512576468e-03
-2.728741970553727469e-03
-7.326559235032448214e-04
-8.428236156845514415e-04
1.446198173397306164e-03
4.459925039519418988e-04
-2.100107634809944557e-03
1.218648133605171324e-03
-2.108678843633526867e-03
-1.633233337859252288e-03
-1.934613187870581896e-05
-1.088165103411142809e-04
2.420652184653704353e-05
-4.311832675771398726e-03
1.003076207339859138e-03
1.218834969144211300e-03
2.571091876646391938e-03
7.102127807172564644e-04
2.992507096667651467e-03
-8.132668170226509119e-04
-2.867940516999567535e-03
-2.407955321864108100e-03
-1.739887676521334470e-03
-1.880253247495744517e-03
-2.723962742692265238e-04
2.932307153759694529e-03
4.042511569302575936e-03
-1.167609183955420349e-03
-2.876522721209084921e-04
3.294577228700745763e-04
1.577669392560210326e-03
-1.439202021664698350e-04
9.531409088943121333e-04
2.133767331006453105e-03
-1.691142786757637850e-03
-3.751616681668679121e-04
6.541298537641182520e-04
-2.718375248715432235e-03
-3.722000757061749709e-03
-2.687707021340912661e-03
-3.722291771129704330e-03
-8.381719823233879652e-04
1.831210936721561211e-03
-5.681638422384338583e-03
1.869065011806725352e-03
1.584882495279771319e-03
1.519701421770491834e-03
2.105087665210447767e-03
2.915193467369903146e-03
-6.536208368927987067e-04
1.477719839549251901e-03
4.460445323104522686e-04
1.693399170349607630e-03
7.708305529163794745e-05
-1.604177270806417255e-03
3.488687097416232064e-03
5.690264064668326682e-04
1.588103657301331850e-03
-2.518487426499405046e-04
-1.034561413781887040e-04
-1.228497031327435707e-03
9.625928626348922990e-04
6.207868625622836589e-04
-6.941152705586262073e-04
3.233862958719413427e-03
-8.331457257888530421e-04
3.063605466333996219e-03
-2.582856980950509751e-04
-4.727035719831462757e-04
2.021133577695621852e-03
8.967116478402203938e-04
-8.603872850088123414e-05
8.018733775827513455e-04
-1.484805292047752800e-03
-2.306043969515059189e-03
3.193199449896155784e-03
2.998621164540082873e-03
1.072864890250713188e-03
3.351196016385671328e-03
3.248618805859138092e-03
-1.585835552749159660e-03
2.792727293247310172e-03
-6.456317783971599056e-04
-1.677882220516124789e-03
-4.344056124239159544e-04
-3.262074696937844465e-03
4.186211325105659853e-04
4.997501857708641637e-04
-1.006271390807000898e-03
-1.243084136959282660e-04
5.385940471285266540e-04
1.355970636357284320e-03
-3.768750956716360179e-04
3.379753252044537248e-03
2.587088931626624344e-03
-2.961182096132830566e-03
-5.811179793369092295e-05
-4.930498027409413453e-03
-2.054855588585979831e-03
-1.062054309926452333e-03
-6.904687095499184579e-05
8.724524677106160198e-04
6.346800844170275013e-05
-2.031376875745394273e-03
1.909697675287702623e-03
-2.847855192545267755e-03
-1.557090033909247495e-03
7.178159591916255522e-04
